1  1
2  1 1
3  1 1 1
4  1 2 1 1
5  1 2 1 1 1
6  1 1 2 1 1 1
7  1 2 2 1 1 1
8  1 1 2 2 1 1 2
9  1 1 2 2 1 2 2
10  1 1 2 2 1 2 3
11  1 1 2 1 2 1 2 3
12  1 1 1 3 1 2 1 2 3
13  1 1 1 3 1 2 1 1 2 3
14  1 1 1 1 3 1 2 1 1 2 3
15  1 1 1 1 3 1 2 1 2 2 3
16  1 1 1 1 1 3 1 2 1 2 2 3 1
17  1 1 1 1 1 3 2 2 1 2 2 3 1
18  1 1 1 1 1 3 2 2 1 3 2 3 1
19  1 1 1 1 1 3 2 2 1 1 3 2 3 1
20  1 1 1 1 1 1 3 1 2 2 1 1 3 2 3 1
21  1 1 1 1 1 1 3 1 2 2 1 1 4 2 3 1
22  1 1 1 1 1 1 3 1 2 2 1 1 4 2 1 3 1
23  1 1 1 1 1 1 3 1 2 2 1 1 1 4 2 1 3 1
24  1 1 1 1 1 1 1 3 1 2 2 2 1 1 4 2 1 3 1
25  1 1 1 1 1 1 1 3 1 2 2 3 1 1 4 2 1 3 1
26  1 1 1 1 1 1 1 3 1 2 2 3 1 1 4 2 1 3 2
27  1 1 1 1 1 1 1 3 1 2 2 3 1 1 4 2 1 3 3
28  1 1 1 1 1 1 1 1 3 2 2 2 3 1 1 4 2 1 3 3
29  1 1 1 1 1 1 1 1 3 2 3 2 3 1 1 4 2 1 3 3
30  1 1 1 1 1 1 1 1 3 2 3 2 3 1 1 4 2 1 4 3
31  1 1 1 1 1 1 1 1 3 2 4 2 3 1 1 4 2 1 4 3
32  2 1 1 1 1 1 1 1 3 2 4 2 1 3 1 1 4 2 1 4 3
33  2 1 1 1 1 1 1 1 3 2 4 2 1 3 1 1 5 2 1 4 3
34  2 1 1 1 1 1 1 2 3 2 4 2 1 3 1 1 5 2 1 4 3
35  2 1 1 1 1 1 1 2 3 2 4 2 1 3 1 1 5 2 1 4 4
36  2 1 1 1 1 1 1 1 3 3 2 4 2 1 3 1 1 5 2 1 4 4
37  2 1 1 1 1 1 1 1 3 3 2 4 2 1 4 1 1 5 2 1 4 4
38  2 1 1 1 1 1 1 1 3 3 3 4 2 1 4 1 1 5 2 1 4 4
39  1 2 1 1 1 1 1 1 1 3 3 3 4 2 2 4 1 1 5 2 1 4 4
40  1 2 1 1 1 1 1 1 1 1 3 3 3 4 3 2 4 1 1 5 2 1 4 4
41  1 2 1 1 1 1 1 1 1 1 3 3 3 4 3 2 4 2 1 5 2 1 4 4
42  1 2 1 1 1 1 1 1 1 1 4 3 3 4 3 2 4 2 1 5 2 1 4 4
43  1 2 1 1 1 1 1 1 1 1 4 3 3 5 3 2 4 2 1 5 2 1 4 4
44  1 2 1 1 1 1 1 1 1 1 1 4 3 3 5 3 2 4 3 1 5 2 1 4 4
45  1 2 1 1 1 1 1 1 1 1 1 4 3 3 5 3 2 4 3 2 5 2 1 4 4
46  1 2 1 1 1 1 1 1 1 1 1 4 3 3 5 3 2 4 3 3 5 2 1 4 4
47  1 2 1 1 1 1 1 1 1 1 1 5 3 3 5 3 2 4 3 3 5 2 1 4 4
48  1 2 1 1 1 1 1 1 1 1 1 1 5 3 3 5 4 2 4 3 3 5 2 1 4 4
49  1 2 1 1 1 1 1 1 1 1 1 1 5 3 3 5 5 2 4 3 3 5 2 1 4 4
50  1 2 1 1 1 1 1 1 1 1 1 1 5 3 3 5 5 2 4 3 3 6 2 1 4 4
51  1 2 1 1 1 1 1 1 1 1 1 1 5 4 3 5 5 2 4 3 3 6 2 1 4 4
52  1 2 1 1 1 1 1 1 1 1 1 1 1 5 4 3 6 5 2 4 3 3 6 2 1 4 4
53  1 2 1 1 1 1 1 1 1 1 1 1 1 5 4 3 6 5 3 4 3 3 6 2 1 4 4
54  1 2 1 1 1 1 1 1 1 1 1 1 1 5 4 3 6 5 3 4 3 3 6 2 1 4 5
55  1 2 1 1 1 1 1 1 1 1 1 1 1 5 4 4 6 5 3 4 3 3 6 2 1 4 5
56  1 2 1 1 1 1 1 1 1 1 1 1 1 1 5 4 5 6 5 3 4 3 3 6 2 1 4 5
57  1 2 1 1 1 1 1 1 1 1 1 1 1 1 5 4 5 6 5 4 4 3 3 6 2 1 4 5
58  1 2 1 1 1 1 1 1 1 1 1 1 1 1 5 4 5 6 5 4 4 3 3 7 2 1 4 5
59  1 2 1 1 1 1 1 1 1 1 1 1 1 1 5 4 5 6 5 4 5 3 3 7 2 1 4 5
60  1 2 1 1 1 1 1 1 2 1 1 1 1 1 5 4 5 6 5 4 5 3 3 7 2 2 4 5
61  1 2 1 1 1 1 1 1 2 1 1 1 1 1 5 4 5 6 5 4 6 3 3 7 2 2 4 5
62  1 2 1 1 1 1 1 1 2 1 1 1 1 1 5 4 5 6 5 4 6 3 3 7 3 2 4 5
63  1 2 1 1 1 1 1 1 2 1 1 1 1 1 5 4 5 6 6 4 6 3 3 7 3 2 4 5
64  1 2 1 1 1 2 1 1 2 1 1 1 1 1 5 4 5 6 6 4 7 3 3 7 3 2 4 5
65  1 2 1 1 1 2 1 1 2 1 1 1 1 1 5 4 5 6 6 4 7 3 4 7 3 2 4 5
66  1 2 1 1 1 2 1 1 2 1 1 1 1 1 5 4 5 6 7 4 7 3 4 7 3 2 4 5
67  1 2 1 1 1 2 1 1 2 1 1 1 1 1 5 4 5 6 7 4 7 3 4 7 3 2 4 6
68  1 2 1 1 1 1 2 1 1 2 1 1 1 1 1 5 4 5 6 7 4 7 3 4 8 3 2 4 6
69  1 2 1 1 1 1 2 1 1 2 1 1 1 1 1 5 4 6 6 7 4 7 3 4 8 3 2 4 6
70  1 2 1 1 1 1 2 1 1 2 1 1 1 1 1 5 4 7 6 7 4 7 3 4 8 3 2 4 6
71  1 2 1 1 1 1 2 1 1 2 1 1 1 1 1 5 4 7 6 7 4 7 3 4 9 3 2 4 6
72  1 2 1 1 1 1 3 1 1 2 1 1 1 1 1 5 4 7 6 7 4 8 3 4 9 3 2 4 6
73  1 2 1 1 1 1 3 1 1 2 1 1 1 1 1 5 4 7 6 7 4 8 3 5 9 3 2 4 6
74  1 2 1 1 1 1 3 1 1 2 1 1 1 1 1 5 4 7 6 7 4 8 3 5 9 3 3 4 6
75  1 1 2 1 1 1 1 3 1 1 2 1 1 1 1 1 5 4 7 6 7 4 8 3 5 9 3 3 5 6
76  1 1 2 1 1 1 1 1 3 1 1 2 1 1 1 1 1 5 4 7 6 7 4 8 3 5 9 3 3 5 7
77  1 1 2 1 1 1 1 1 3 1 1 2 1 1 1 1 1 5 4 7 6 7 4 8 3 5 9 3 4 5 7
78  1 1 2 1 1 1 1 1 3 1 1 2 1 1 1 1 1 5 4 7 6 7 4 9 3 5 9 3 4 5 7
79  1 1 2 1 1 1 1 1 3 1 1 2 1 1 1 1 1 5 4 7 6 7 4 9 3 5 9 3 4 5 8
80  1 1 2 1 1 1 1 1 3 1 1 2 1 1 1 1 1 1 5 4 7 6 7 5 9 3 5 9 3 4 5 8
81  1 1 2 1 1 1 1 1 3 1 1 2 1 1 1 1 1 1 5 4 7 6 7 5 9 3 5 9 3 4 6 8
82  1 1 2 1 1 1 1 1 3 1 1 2 1 1 1 1 1 1 5 4 7 6 7 5 9 3 6 9 3 4 6 8
83  1 1 2 1 1 1 1 1 3 1 1 2 1 1 1 1 1 1 5 4 7 6 7 5 9 3 6 9 3 4 6 9
84  1 1 2 1 1 1 1 1 3 1 1 2 1 1 1 1 1 1 1 5 4 7 6 7 5 9 3 7 9 3 4 6 9
85  1 1 2 1 1 1 1 1 3 1 1 2 1 1 1 1 1 1 1 5 4 7 6 7 5 9 3 7 9 3 4 7 9
86  1 1 2 1 1 1 1 1 3 1 1 2 1 1 1 1 1 1 1 5 4 7 6 7 5 9 3 7 9 3 5 7 9
87  1 1 2 1 1 1 1 1 3 1 1 2 1 1 1 1 1 1 1 5 4 7 6 7 6 9 3 7 9 3 5 7 9
88  1 1 2 1 1 1 1 1 3 1 1 2 1 1 1 1 1 1 1 1 5 4 7 6 7 6 9 3 7 9 3 6 7 9
89  1 1 2 1 1 1 1 1 3 1 1 2 1 1 1 1 1 1 1 1 5 4 7 6 7 6 10 3 7 9 3 6 7 9
90  1 1 2 1 1 1 1 1 3 1 1 2 1 1 1 1 1 1 1 1 5 5 7 6 7 6 10 3 7 9 3 6 7 9
91  1 1 2 1 1 1 1 1 3 1 1 2 1 1 1 1 1 1 1 1 5 5 7 6 7 7 10 3 7 9 3 6 7 9
92  1 1 2 1 1 1 1 1 3 1 1 2 1 1 1 1 1 2 1 1 5 6 7 6 7 7 10 3 7 9 3 6 7 9
93  1 1 2 1 1 1 1 1 3 1 1 2 1 1 1 1 1 2 1 1 5 6 7 6 7 7 11 3 7 9 3 6 7 9
94  1 1 2 1 1 1 1 1 3 1 1 2 1 1 1 1 1 2 1 1 5 6 7 6 7 7 11 3 7 9 4 6 7 9
95  1 1 2 1 1 1 1 1 3 1 1 2 1 1 1 1 1 2 1 1 5 6 7 6 7 7 11 3 7 9 4 7 7 9
96  1 1 2 1 1 1 1 1 1 3 1 1 2 1 1 1 1 1 2 1 1 5 6 7 7 7 7 11 3 7 9 4 7 7 9
97  1 1 2 1 1 1 1 1 1 3 1 1 2 1 1 1 1 1 2 1 1 5 6 7 7 7 7 11 4 7 9 4 7 7 9
98  1 1 2 1 1 1 1 1 1 3 1 1 2 1 1 1 1 1 2 1 1 5 6 7 7 7 7 11 4 7 10 4 7 7 9
99  1 1 2 1 1 1 1 1 1 3 1 1 2 1 1 1 1 1 2 1 1 5 6 7 7 8 7 11 4 7 10 4 7 7 9
100  1 1 2 1 1 1 1 1 1 1 3 1 1 2 1 1 1 1 1 2 1 1 5 6 7 7 8 7 11 4 7 10 5 7 7 9
101  1 1 2 1 1 1 1 1 1 1 3 1 1 2 1 1 1 1 1 2 1 1 5 6 7 8 8 7 11 4 7 10 5 7 7 9
102  1 1 2 1 1 1 1 1 1 1 3 1 1 2 1 1 1 1 1 2 1 1 5 6 7 8 8 7 11 4 7 10 5 8 7 9
103  1 1 2 1 1 1 1 1 1 1 3 1 1 2 1 1 1 1 1 2 1 1 5 6 7 8 8 7 11 4 8 10 5 8 7 9
104  1 1 2 1 1 1 1 1 1 1 3 1 1 2 1 1 1 1 2 2 1 1 5 6 7 8 8 7 11 5 8 10 5 8 7 9
105  1 1 2 1 1 1 1 1 1 1 3 1 1 2 1 1 1 1 2 2 1 1 5 7 7 8 8 7 11 5 8 10 5 8 7 9
106  1 1 2 1 1 1 1 1 1 1 3 1 1 2 1 1 1 1 2 2 1 1 5 7 7 8 8 7 11 5 8 10 5 8 7 10
107  1 1 2 1 1 1 1 1 1 1 3 1 1 2 1 1 1 1 2 2 1 1 5 7 7 9 8 7 11 5 8 10 5 8 7 10
108  1 1 2 1 1 1 1 2 1 1 3 1 1 2 1 1 1 1 2 2 1 1 5 7 7 9 8 7 11 5 8 11 5 8 7 10
109  1 1 2 1 1 1 1 2 1 1 3 1 1 2 1 1 1 1 2 2 1 1 5 7 7 9 8 7 11 5 8 11 5 8 7 11
110  1 1 2 1 1 1 1 2 1 1 3 1 1 2 1 1 1 1 2 2 1 1 5 7 7 9 8 7 11 5 8 11 5 9 7 11
111  1 1 2 1 1 1 1 2 1 1 3 1 1 2 1 1 1 1 2 2 1 1 5 7 7 9 9 7 11 5 8 11 5 9 7 11
112  1 1 2 1 1 1 1 2 1 2 3 1 1 2 1 1 1 1 2 2 1 1 5 7 7 9 9 7 11 5 8 12 5 9 7 11
113  1 1 2 1 1 1 1 2 1 2 3 1 1 2 1 1 1 1 2 2 1 1 5 7 8 9 9 7 11 5 8 12 5 9 7 11
114  1 2 2 1 1 1 1 2 1 2 3 1 1 2 1 1 1 1 2 2 1 1 5 7 8 9 9 7 11 6 8 12 5 9 7 11
115  1 2 2 1 1 1 1 2 1 2 3 1 1 2 1 1 1 1 2 2 1 1 5 7 8 10 9 7 11 6 8 12 5 9 7 11
116  1 2 2 1 1 1 1 2 1 2 3 1 1 2 1 1 1 1 3 2 1 1 5 7 8 11 9 7 11 6 8 12 5 9 7 11
117  1 2 2 1 1 1 1 2 1 2 3 1 1 2 1 1 1 1 3 2 1 1 5 7 8 11 9 7 11 6 8 13 5 9 7 11
118  1 2 2 1 1 1 1 2 1 2 3 1 1 2 1 1 1 1 3 2 1 1 5 7 8 11 9 7 11 6 8 13 6 9 7 11
119  1 2 2 1 1 1 1 2 1 2 3 1 1 2 1 1 1 1 3 2 1 1 5 7 8 11 9 7 11 6 8 13 6 10 7 11
120  1 2 2 1 1 1 1 2 1 3 3 1 1 2 1 1 1 1 3 2 1 1 5 7 8 11 9 7 11 6 8 13 6 10 8 11
121  1 2 2 1 1 1 1 2 1 3 3 1 1 2 1 1 1 1 3 2 1 1 5 8 8 11 9 7 11 6 8 13 6 10 8 11
122  1 2 2 1 1 1 1 2 1 3 3 1 1 2 1 1 1 1 3 2 1 1 5 8 8 11 9 7 11 6 8 14 6 10 8 11
123  1 2 2 1 1 1 1 2 1 3 3 1 1 2 1 1 1 1 3 2 1 1 6 8 8 11 9 7 11 6 8 14 6 10 8 11
124  1 2 2 1 2 1 1 2 1 3 3 1 1 2 1 1 1 1 3 2 1 1 6 8 8 11 9 7 11 6 9 14 6 10 8 11
125  1 2 2 1 2 1 1 2 1 3 3 1 1 2 1 1 1 1 3 2 1 1 6 8 9 11 9 7 11 6 9 14 6 10 8 11
126  1 2 2 1 2 1 1 2 1 3 3 1 1 2 1 1 1 1 3 2 1 1 6 8 9 11 9 7 11 6 10 14 6 10 8 11
127  1 2 2 1 2 1 1 2 1 3 3 1 1 2 1 1 1 1 3 2 1 1 6 8 9 11 9 7 11 6 10 15 6 10 8 11
128  1 2 2 1 2 1 1 2 1 3 3 1 1 2 1 1 1 2 3 2 1 1 6 8 9 11 9 7 12 6 10 15 6 10 8 11
129  1 2 2 1 2 1 1 2 1 3 3 1 1 2 1 1 1 2 3 2 1 1 6 8 9 12 9 7 12 6 10 15 6 10 8 11
130  1 2 2 1 2 1 1 2 1 3 3 1 1 2 1 1 1 2 3 2 1 1 6 8 9 12 9 7 12 6 11 15 6 10 8 11
131  1 2 2 1 2 1 1 2 1 3 3 1 1 2 1 1 1 2 3 2 1 1 6 8 9 12 9 8 12 6 11 15 6 10 8 11
132  1 2 2 1 2 1 1 2 1 3 3 1 1 2 1 1 1 1 2 3 2 1 1 6 8 9 12 9 9 12 6 11 15 6 10 8 11
133  1 2 2 1 2 1 1 2 1 3 3 1 1 2 1 1 1 1 2 3 2 1 1 6 8 10 12 9 9 12 6 11 15 6 10 8 11
134  1 2 2 1 2 1 1 2 1 3 3 1 1 2 1 1 1 1 2 3 2 1 1 6 8 10 12 9 9 12 6 12 15 6 10 8 11
135  1 2 2 1 2 1 1 2 1 3 3 1 1 2 1 1 1 1 2 3 2 1 1 6 8 10 12 9 9 12 7 12 15 6 10 8 11
136  1 2 2 1 2 1 1 2 1 3 3 1 1 2 1 1 1 1 2 3 1 2 1 1 6 8 10 12 9 9 12 7 13 15 6 10 8 11
137  1 2 2 1 2 1 1 2 1 3 3 1 1 2 1 1 1 1 2 3 1 2 1 1 6 8 10 12 9 9 12 8 13 15 6 10 8 11
138  1 2 2 1 2 1 1 2 1 3 3 1 1 2 1 1 1 1 2 3 