0.0 13
1.0 24
2.0 95
3.0 119
4.0 123
5.0 67
6.0 72
7.0 60
8.0 69
9.0 67
10.0 66
11.0 64
12.0 56
13.0 50
14.0 60
15.0 48
16.0 68
17.0 57
18.0 42
19.0 46
20.0 47
21.0 49
22.0 35
23.0 29
24.0 35
25.0 15
26.0 22
27.0 15
28.0 13
29.0 29
30.0 18
31.0 18
32.0 18
33.0 14
34.0 13
35.0 21
36.0 14
37.0 9
38.0 13
39.0 13
40.0 8
41.0 8
42.0 4
43.0 12
44.0 9
45.0 7
46.0 5
47.0 3
48.0 8
49.0 5
50.0 7
51.0 4
52.0 5
53.0 8
54.0 3
55.0 2
56.0 10
57.0 4
58.0 5
59.0 10
60.0 5
61.0 8
62.0 6
63.0 3
64.0 2
65.0 5
66.0 3
67.0 4
68.0 3
69.0 6
70.0 3
71.0 1
72.0 4
73.0 0
74.0 5
75.0 4
76.0 5
77.0 4
78.0 2
79.0 4
80.0 7
81.0 2
82.0 5
83.0 5
84.0 1
85.0 0
86.0 1
87.0 4
88.0 3
89.0 1
90.0 2
91.0 1
92.0 0
93.0 1
94.0 2
95.0 2
96.0 3
97.0 4
98.0 4
99.0 1
100.0 2
101.0 1
102.0 1
103.0 1
104.0 0
105.0 3
106.0 1
107.0 4
108.0 3
109.0 1
110.0 3
111.0 1
112.0 0
113.0 0
114.0 1
115.0 0
116.0 1
117.0 0
118.0 1
119.0 1
120.0 0
121.0 0
122.0 1
123.0 1
124.0 1
125.0 3
126.0 0
127.0 0
128.0 1
129.0 2
130.0 1
131.0 0
132.0 2
133.0 0
134.0 1
135.0 0
136.0 1
137.0 0
138.0 1
139.0 0
140.0 0
141.0 0
142.0 0
143.0 0
144.0 1
145.0 0
146.0 1
147.0 0
148.0 1
149.0 1
150.0 0
151.0 0
152.0 0
153.0 0
154.0 0
155.0 0
156.0 0
157.0 0
158.0 0
159.0 0
160.0 0
161.0 0
162.0 1
163.0 0
164.0 0
165.0 0
166.0 0
167.0 0
168.0 0
169.0 0
170.0 0
171.0 0
172.0 0
173.0 0
174.0 0
175.0 0
176.0 0
177.0 0
178.0 0
179.0 0
180.0 0
181.0 0
182.0 0
183.0 0
184.0 0
185.0 0
186.0 0
187.0 0
188.0 0
189.0 0
190.0 0
191.0 0
192.0 0
193.0 0
194.0 0
195.0 0
196.0 0
197.0 0
198.0 0
199.0 0
200.0 0
201.0 0
202.0 0
203.0 0
204.0 0
205.0 0
206.0 0
207.0 0
208.0 0
209.0 0
210.0 0
211.0 0
212.0 0
213.0 0
214.0 0
215.0 0
216.0 0
217.0 0
218.0 0
219.0 0
220.0 0
221.0 0
222.0 0
223.0 0
224.0 0
225.0 1
226.0 0
227.0 0
228.0 0
229.0 0
230.0 0
231.0 0
232.0 0
233.0 0
234.0 0
235.0 0
236.0 0
237.0 0
238.0 0
239.0 0
240.0 0
241.0 0
242.0 0
243.0 0
244.0 0
245.0 0
246.0 0
247.0 0
248.0 0
249.0 0
250.0 0
251.0 0
252.0 0
253.0 0
254.0 0
255.0 0
256.0 0
257.0 0
258.0 0
259.0 0
260.0 0
261.0 1
262.0 0
