5.1000 0.0071 0.0000
10.2000 0.0129 0.0000
15.3000 0.0198 0.0001
20.3000 0.0343 0.0002
25.3000 0.0406 0.0002
30.3000 0.0437 0.0002
35.3000 0.0448 0.0003
40.3000 0.0652 0.0004
45.3000 0.0768 0.0005
50.3000 0.0786 0.0004
55.3000 0.0908 0.0005
60.3000 0.1260 0.0012
65.4000 0.1305 0.0012
70.5000 0.1324 0.0012
75.6000 0.1485 0.0012
80.7000 0.1577 0.0013
85.8000 0.1705 0.0014
90.9000 0.1769 0.0014
96.0000 0.1914 0.0017
101.1000 0.2018 0.0018
106.2000 0.2108 0.0018
111.3000 0.2201 0.0019
116.4000 0.2341 0.0021
121.5000 0.2593 0.0027
126.6000 0.2944 0.0056
131.7000 0.3615 0.0110
136.8000 0.3710 0.0123
141.9000 0.3786 0.0123
147.0000 0.4070 0.0130
152.1000 0.4332 0.0134
157.2000 0.4501 0.0143
162.3000 0.4518 0.0143
167.4000 0.4588 0.0143
172.5000 0.4700 0.0144
177.6000 0.4652 0.0143
182.7000 0.4689 0.0149
187.8000 0.4889 0.0161
192.9000 0.5158 0.0167
198.0000 0.5257 0.0172
203.1000 0.5041 0.0147
208.2000 0.5336 0.0171
213.3000 0.5458 0.0154
218.4000 0.5691 0.0193
223.5000 0.5659 0.0193
228.6000 0.5738 0.0198
233.7000 0.6153 0.0215
238.8000 0.6363 0.0216
243.9000 0.6471 0.0232
249.0000 0.7139 0.0335
254.1000 0.7498 0.0441
