5.1000 0.0071 0.0000
10.2000 0.0129 0.0000
15.3000 0.0198 0.0001
20.3000 0.0343 0.0002
25.3000 0.0406 0.0002
30.3000 0.0437 0.0002
35.3000 0.0448 0.0003
40.3000 0.0652 0.0004
45.3000 0.0768 0.0005
50.3000 0.0786 0.0004
55.3000 0.0908 0.0005
60.3000 0.1260 0.0012
65.4000 0.1305 0.0012
70.5000 0.1324 0.0012
75.6000 0.1485 0.0012
80.7000 0.1577 0.0013
85.8000 0.1705 0.0014
90.9000 0.1769 0.0014
96.0000 0.1914 0.0017
101.1000 0.2018 0.0018
106.2000 0.2108 0.0018
111.3000 0.2201 0.0019
116.4000 0.2341 0.0021
121.5000 0.2593 0.0027
126.6000 0.2944 0.0056
131.7000 0.3615 0.0110
136.8000 0.3710 0.0123
141.9000 0.3786 0.0123
147.0000 0.4070 0.0130
152.1000 0.4332 0.0134
157.2000 0.4501 0.0143
162.3000 0.4518 0.0143
167.4000 0.4588 0.0143
172.5000 0.4700 0.0144
177.6000 0.4652 0.0143
182.7000 0.4689 0.0149
187.8000 0.4889 0.0161
192.9000 0.5158 0.0167
198.0000 0.5257 0.0172
203.1000 0.5041 0.0147
208.2000 0.5336 0.0171
213.3000 0.5458 0.0154
218.4000 0.5691 0.0193
223.5000 0.5659 0.0193
228.6000 0.5738 0.0198
233.7000 0.6153 0.0215
238.8000 0.6363 0.0216
243.9000 0.6471 0.0232
249.0000 0.7139 0.0335
254.1000 0.7498 0.0441
259.1000 0.7815 0.0519
264.1000 0.7922 0.0523
269.1000 0.8117 0.0578
274.1000 0.8444 0.0668
279.1000 0.8578 0.0700
284.1000 0.8617 0.0703
289.1000 0.8648 0.0703
294.1000 0.8775 0.0710
299.1000 0.8777 0.0702
304.1000 0.8180 0.0641
309.1000 0.8390 0.0679
314.1000 0.8201 0.0703
319.1000 0.8075 0.0697
324.1000 0.8028 0.0701
329.1000 0.8221 0.0707
334.1000 0.8051 0.0708
339.1000 0.8251 0.0721
344.1000 0.8483 0.0724
349.1000 0.8498 0.0727
354.1000 0.8692 0.0771
359.1000 0.8750 0.0771
364.1000 0.8930 0.0765
369.1000 0.9110 0.0775
374.1000 0.9184 0.0777
379.1000 0.9330 0.0778
384.1000 0.9465 0.0772
389.1000 0.9526 0.0787
394.1000 0.9595 0.0788
399.1000 0.9621 0.0784
404.1000 0.9480 0.0783
409.1000 0.9414 0.0784
414.1000 0.9546 0.0785
419.1000 0.9591 0.0789
424.1000 0.9894 0.0785
429.1000 0.9821 0.0787
434.1000 0.9787 0.0788
439.1000 1.0351 0.0799
444.1000 1.1455 0.0923
449.1000 1.2337 0.1162
454.1000 1.2381 0.1170
459.1000 1.2387 0.1176
464.1000 1.2391 0.1155
469.1000 1.2398 0.1161
474.1000 1.2442 0.1165
479.1000 1.2612 0.1162
484.1000 1.2965 0.1232
489.1000 1.3794 0.1637
494.1000 1.4198 0.1739
499.1000 1.4586 0.1807
504.1000 1.4818 0.1871
509.1000 1.5492 0.1932
514.1000 1.5433 0.1952
519.1000 1.5588 0.1979
524.1000 1.5653 0.2003
529.1000 1.5785 0.2033
534.1000 1.5974 0.2061
539.1000 1.6049 0.2092
544.1000 1.6383 0.2154
549.1000 1.6819 0.2180
554.1000 1.6847 0.2184
559.1000 1.6855 0.2188
564.1000 1.6984 0.2118
569.1000 1.6993 0.2077
574.1000 1.7105 0.2026
579.1000 1.7211 0.2015
584.1000 1.7357 0.2018
589.1000 1.7422 0.2018
594.1000 1.7568 0.2028
599.1000 1.7831 0.2060
604.1000 1.8041 0.2072
609.1000 1.8279 0.2101
614.1000 1.8631 0.2134
619.1000 1.9041 0.2215
624.1000 1.9044 0.2309
629.1000 1.8853 0.2350
634.1000 1.9015 0.2349
639.1000 1.8179 0.1994
644.1000 1.7472 0.1801
649.1000 1.7838 0.1777
654.1000 1.8024 0.1771
659.1000 1.8119 0.1746
664.1000 1.8276 0.1642
669.1000 1.8331 0.1779
674.1000 1.8251 0.1731
679.1000 1.8221 0.1734
684.1000 1.8070 0.1708
689.1000 1.7808 0.1687
694.1000 1.8498 0.1873
699.1000 1.8563 0.1906
704.1000 1.9241 0.1967
709.1000 1.9893 0.2101
714.1000 1.9795 0.2173
719.1000 2.0149 0.2229
724.1000 2.0074 0.2055
729.1000 2.0360 0.2065
734.1000 2.0754 0.2159
739.1000 2.1100 0.2169
744.1000 2.1357 0.2172
749.1000 2.1967 0.2202
754.1000 2.2232 0.2229
759.1000 2.2498 0.2296
764.1000 2.2363 0.2265
769.1000 2.2223 0.2260
774.1000 2.2101 0.2271
779.1000 2.2438 0.2309
784.1000 2.2798 0.2375
789.1000 2.3021 0.2470
794.1000 2.3015 0.2474
799.1000 2.2682 0.2448
804.1000 2.2648 0.2405
809.1000 2.3069 0.2446
814.1000 2.3057 0.2437
819.1000 2.3203 0.2431
824.1000 2.3313 0.2435
829.1000 2.3151 0.2316
834.1000 2.3216 0.2311
839.1000 2.3313 0.2288
844.1000 2.3349 0.2305
849.1000 2.4037 0.2325
854.1000 2.4390 0.2403
859.1000 2.4506 0.2413
864.1000 2.4758 0.2431
869.1000 2.4805 0.2430
874.1000 2.5041 0.2486
879.1000 2.5251 0.2477
884.1000 2.5290 0.2443
889.1000 2.5705 0.2449
894.1000 2.5003 0.2411
899.1000 2.4988 0.2384
904.1000 2.5301 0.2388
909.1000 2.5245 0.2412
914.1000 2.4412 0.2314
919.1000 2.4497 0.2306
924.1000 2.4837 0.2351
929.1000 2.4909 0.2397
934.1000 2.4973 0.2415
939.1000 2.5224 0.2429
944.1000 2.5528 0.2433
949.1000 2.5693 0.2428
954.1000 2.6155 0.2466
959.1000 2.6222 0.2588
964.1000 2.6823 0.2613
969.1000 2.6947 0.2621
974.1000 2.6971 0.2620
979.1000 2.7005 0.2604
984.1000 2.7245 0.2507
989.1000 2.7218 0.2451
994.1000 2.7368 0.2440
999.1000 2.7595 0.2455
1004.1000 2.7410 0.2446
1009.1000 2.7320 0.2439
1014.1000 2.7886 0.2510
1019.1000 2.8049 0.2371
1024.1000 2.8308 0.2426
1029.2000 2.8697 0.2533
1034.3000 2.8921 0.2526
1039.4000 2.8880 0.2438
1044.5000 2.8435 0.2270
1049.6000 2.8507 0.2254
1054.7000 2.8465 0.2277
1059.8000 2.8089 0.2247
1064.9000 2.7952 0.2227
1070.0000 2.8379 0.2213
1075.1000 2.8763 0.2227
1080.2000 2.9372 0.2308
1085.3000 2.9693 0.2274
1090.4000 3.0061 0.2292
1095.5000 3.0167 0.2268
1100.6000 2.9863 0.2282
1105.7000 2.9795 0.2306
1110.8000 2.9985 0.2339
1115.9000 3.0139 0.2358
1121.0000 3.0313 0.2398
1126.1000 3.0049 0.2283
1131.2000 3.0587 0.2365
1136.3000 3.0920 0.2390
1141.4000 3.1124 0.2393
1146.5000 3.1262 0.2351
1151.6000 3.1258 0.2297
1156.7000 3.1193 0.2321
1161.8000 3.0981 0.2322
1166.9000 3.0730 0.2320
1172.0000 3.0611 0.2320
1177.1000 3.0792 0.2342
1182.2000 3.1123 0.2354
1187.3000 3.0947 0.2352
1192.4000 3.1565 0.2396
1197.5000 3.1774 0.2408
1202.6000 3.1886 0.2399
1207.7000 3.1915 0.2364
1212.8000 3.1966 0.2350
1217.9000 3.2100 0.2590
1223.0000 3.2174 0.2277
1228.1000 3.2368 0.2249
1233.2000 3.2579 0.2247
1238.3000 3.2545 0.2286
1243.4000 3.2289 0.2258
1248.5000 3.1424 0.2197
1253.6000 3.1219 0.2213
1258.7000 3.1509 0.2257
1263.8000 3.1541 0.2255
1268.9000 3.1264 0.2229
1274.0000 3.1177 0.2190
1279.1000 3.1436 0.2181
1284.2000 3.1550 0.2096
1289.3000 3.1908 0.2048
1294.4000 3.3166 0.2129
1299.5000 3.3359 0.2173
1304.6000 3.3468 0.2304
1309.7000 3.3679 0.2327
1314.8000 3.3706 0.2304
1319.9000 3.3931 0.2310
1325.0000 3.4349 0.2344
1330.1000 3.4539 0.2407
1335.2000 3.4703 0.2403
1340.3000 3.5023 0.2418
1345.4000 3.4668 0.2403
1350.5000 3.4798 0.2420
1355.6000 3.4943 0.2459
1360.7000 3.5735 0.2537
1365.8000 3.5736 0.2528
1370.9000 3.5500 0.2422
1376.0000 3.5260 0.2495
1381.1000 3.5180 0.2440
1386.2000 3.5273 0.2457
1391.3000 3.5323 0.2413
1396.4000 3.5406 0.2375
1401.5000 3.5408 0.2417
1406.6000 3.5345 0.2413
1411.7000 3.5122 0.2358
1416.8000 3.5163 0.2261
1421.9000 3.5187 0.2428
1427.0000 3.5360 0.2435
1432.1000 3.5851 0.2462
1437.2000 3.5763 0.2447
1442.3000 3.6131 0.2489
1447.4000 3.6503 0.2496
1452.5000 3.6717 0.2504
1457.6000 3.7026 0.2523
1462.7000 3.7752 0.2547
1467.8000 3.8209 0.2703
1472.9000 3.9199 0.2965
1478.0000 3.9952 0.3355
1483.1000 4.0363 0.3340
1488.2000 4.0403 0.3376
1493.3000 4.0423 0.3441
1498.4000 4.0364 0.3364
1503.5000 4.0036 0.3511
1508.6000 4.0194 0.3263
1513.7000 4.0398 0.3153
1518.8000 4.1185 0.3228
1523.9000 4.1254 0.3350
1529.0000 4.1626 0.3308
1534.1000 4.1758 0.3224
1539.2000 4.1311 0.3008
1544.3000 4.1946 0.3198
1549.4000 4.2698 0.3536
1554.5000 4.2037 0.3186
1559.6000 4.2063 0.3158
1564.7000 4.2200 0.3121
1569.8000 4.2950 0.3311
1574.9000 4.2961 0.3297
1580.0000 4.2619 0.3300
1585.1000 4.2815 0.3381
1590.2000 4.2381 0.3317
1595.3000 4.2169 0.3315
1600.4000 4.2783 0.3331
1605.5000 4.3360 0.3393
1610.6000 4.3985 0.3605
1615.7000 4.4638 0.3864
1620.8000 4.5120 0.3815
1625.9000 4.6160 0.4024
1631.0000 4.5807 0.4023
1636.1000 4.5331 0.3947
1641.2000 4.5383 0.4252
1646.3000 4.5504 0.4420
1651.4000 4.5320 0.4582
1656.5000 4.5491 0.4509
1661.6000 4.5309 0.4488
1666.7000 4.5424 0.4475
1671.8000 4.5452 0.4495
1676.9000 4.5638 0.4526
1682.0000 4.5926 0.4649
1687.1000 4.6794 0.4868
1692.2000 4.6987 0.4867
1697.3000 4.7108 0.4868
1702.4000 4.6997 0.4867
1707.5000 4.6953 0.4848
1712.6000 4.6787 0.5016
1717.7000 4.6637 0.4980
1722.8000 4.7330 0.5104
1727.9000 4.7729 0.5246
1733.0000 4.7564 0.5124
1738.1000 4.8452 0.5176
1743.2000 4.8819 0.5044
1748.3000 4.9242 0.4976
1753.4000 4.9165 0.4946
1758.5000 4.9090 0.4949
1763.6000 4.9414 0.5052
1768.7000 4.9418 0.5094
1773.8000 4.9301 0.5067
1778.9000 4.9535 0.5161
1784.0000 5.0225 0.5357
1789.1000 4.9727 0.5242
1794.2000 4.8964 0.5117
1799.3000 4.8909 0.5079
1804.4000 4.8914 0.5232
1809.5000 4.9048 0.5390
1814.6000 4.9437 0.5128
1819.7000 4.9557 0.5047
1824.8000 4.9593 0.5037
1829.9000 4.9747 0.4869
1835.0000 4.9836 0.4924
1840.1000 5.0329 0.5123
1845.2000 5.1008 0.5236
1850.3000 5.1032 0.5078
1855.4000 5.0849 0.5061
1860.5000 5.1042 0.4928
1865.6000 5.1235 0.4874
1870.7000 5.1280 0.4922
1875.8000 5.1047 0.5068
1880.9000 5.1434 0.5026
1886.0000 5.2173 0.5101
1891.1000 5.2647 0.5156
1896.2000 5.2602 0.5118
1901.3000 5.2383 0.5181
1906.4000 5.1710 0.5167
1911.5000 5.2089 0.5208
1916.6000 5.2251 0.5174
1921.7000 5.2352 0.5278
1926.8000 5.2279 0.5232
1931.9000 5.2251 0.5207
1937.0000 5.2092 0.5254
1942.1000 5.1455 0.5187
1947.2000 5.1353 0.5184
1952.3000 5.1621 0.5225
1957.4000 5.2004 0.5282
1962.5000 5.2353 0.5239
1967.6000 5.3138 0.5321
1972.7000 5.3759 0.5434
1977.8000 5.4114 0.5456
1982.9000 5.3884 0.5406
1988.0000 5.4647 0.5633
1993.1000 5.4160 0.5684
1998.2000 5.3027 0.5392
2003.3000 5.2651 0.5188
2008.4000 5.1992 0.4939
2013.5000 5.1619 0.4803
2018.6000 5.1659 0.4809
2023.7000 5.1834 0.4972
2028.8000 5.2098 0.4926
2033.9000 5.1672 0.4707
2039.0000 5.1267 0.4654
2044.1000 5.0998 0.4542
2049.2000 5.1161 0.4543
2054.3000 5.1241 0.4732
2059.4000 5.1368 0.4733
2064.5000 5.1769 0.4820
2069.6000 5.1994 0.4904
2074.7000 5.2675 0.4864
2079.8000 5.1772 0.4801
2084.9000 5.1951 0.4934
2090.0000 5.2083 0.4797
2095.1000 5.2619 0.4914
2100.2000 5.2558 0.4972
2105.3000 5.2744 0.4949
2110.4000 5.3062 0.5068
2115.5000 5.3217 0.4912
2120.6000 5.2592 0.4870
2125.7000 5.2693 0.5064
2130.8000 5.3274 0.5163
2135.9000 5.3711 0.5176
2141.0000 5.4487 0.5246
2146.1000 5.4689 0.5256
2151.2000 5.4930 0.5456
2156.3000 5.4985 0.5584
2161.4000 5.4917 0.5573
2166.5000 5.4916 0.5576
2171.6000 5.4828 0.5532
2176.7000 5.4590 0.5579
2181.8000 5.4402 0.5534
2186.9000 5.4519 0.5450
2192.0000 5.5275 0.5473
2197.1000 5.5390 0.5596
2202.2000 5.5525 0.5655
2207.3000 5.5554 0.5682
2212.4000 5.5214 0.5674
2217.5000 5.4641 0.5527
2222.6000 5.4728 0.5524
2227.7000 5.4869 0.5549
2232.8000 5.5265 0.5583
2237.9000 5.5202 0.5432
2243.0000 5.5093 0.5445
2248.1000 5.5366 0.5478
2253.2000 5.5734 0.5504
2258.3000 5.5577 0.5309
2263.4000 5.5324 0.5237
2268.5000 5.5667 0.5285
2273.6000 5.6032 0.5232
2278.7000 5.6048 0.5287
2283.8000 5.6621 0.5364
2288.9000 5.6751 0.5674
2294.0000 5.7032 0.5852
2299.1000 5.7904 0.6119
2304.2000 5.8371 0.6192
2309.3000 5.8005 0.6008
2314.4000 5.7807 0.5860
2319.5000 5.7908 0.5790
2324.6000 5.7870 0.5992
2329.7000 5.7983 0.6044
2334.8000 5.8246 0.6035
2339.9000 5.8299 0.6001
2345.0000 5.8255 0.5809
2350.1000 5.8277 0.5828
2355.2000 5.8862 0.5874
2360.3000 5.9422 0.5910
2365.4000 5.9709 0.5976
2370.5000 5.9378 0.6027
2375.6000 5.9643 0.6232
2380.7000 6.0846 0.6678
2385.8000 6.0980 0.6694
2390.9000 6.1304 0.6742
2396.0000 6.1723 0.7028
2401.1000 6.1818 0.7257
2406.2000 6.1440 0.7025
2411.3000 6.1260 0.7085
2416.4000 6.1456 0.7008
2421.5000 6.1304 0.7040
2426.6000 6.1845 0.7099
2431.7000 6.1979 0.7166
2436.8000 6.2035 0.7090
2441.9000 6.2547 0.7103
2447.0000 6.2899 0.7195
2452.1000 6.2617 0.6966
2457.2000 6.2302 0.7044
2462.3000 6.3018 0.7081
2467.4000 6.3098 0.7172
2472.5000 6.2992 0.7163
2477.6000 6.3154 0.7323
2482.7000 6.3612 0.7526
2487.8000 6.3806 0.7793
2492.9000 6.3647 0.7712
2498.0000 6.3892 0.7852
2503.1000 6.3990 0.7777
2508.2000 6.4408 0.7844
2513.3000 6.4536 0.7834
2518.4000 6.4632 0.7766
2523.5000 6.4651 0.7756
2528.6000 6.4658 0.7741
2533.7000 6.3962 0.7587
2538.8000 6.4140 0.7619
2543.9000 6.4392 0.7671
2549.0000 6.4448 0.7666
2554.1000 6.4696 0.7717
2559.2000 6.5296 0.7861
2564.3000 6.5352 0.7773
2569.4000 6.5042 0.7502
2574.5000 6.5051 0.7501
2579.6000 6.5148 0.7571
2584.7000 6.5211 0.7659
2589.8000 6.5480 0.7662
2594.9000 6.6185 0.7736
2600.0000 6.6402 0.7828
2605.1000 6.7052 0.7984
2610.2000 6.7164 0.7898
2615.3000 6.7221 0.8096
2620.4000 6.7748 0.8489
2625.5000 6.7983 0.8711
2630.6000 6.8385 0.8715
2635.7000 6.8202 0.8856
2640.8000 6.8406 0.9054
2645.9000 6.8374 0.8915
2651.0000 6.8282 0.8848
2656.1000 6.7777 0.8419
2661.2000 6.8086 0.8434
2666.3000 6.7303 0.8283
2671.4000 6.6223 0.8001
2676.5000 6.6190 0.8217
2681.6000 6.5838 0.8027
2686.7000 6.5282 0.7946
2691.8000 6.5430 0.8434
2696.9000 6.5265 0.8480
2702.0000 6.4716 0.8532
2707.1000 6.4327 0.8472
2712.2000 6.4392 0.8252
2717.3000 6.5300 0.8330
2722.4000 6.5803 0.8641
2727.5000 6.6212 0.8698
2732.6000 6.7086 0.8913
2737.7000 6.7304 0.9038
2742.8000 6.7534 0.9003
2747.9000 6.7579 0.8971
2753.0000 6.7616 0.9033
2758.1000 6.8000 0.9249
2763.2000 6.8678 0.9445
2768.3000 6.9031 0.9740
2773.4000 6.8069 0.9695
2778.5000 6.7773 0.9568
2783.6000 6.7219 0.9346
2788.7000 6.7452 0.9249
2793.8000 6.7130 0.9022
2798.9000 6.7464 0.9035
2804.0000 6.7722 0.8873
2809.1000 6.7615 0.9207
2814.2000 6.8248 0.9586
2819.3000 6.8327 0.9554
2824.4000 6.8042 0.9314
2829.5000 6.7876 0.9377
2834.6000 6.7679 0.9315
2839.7000 6.7583 0.9257
2844.8000 6.7757 0.9145
2849.9000 6.7952 0.9299
2855.0000 6.8111 0.9263
2860.1000 6.8344 0.9160
2865.2000 6.8275 0.9131
2870.3000 6.8342 0.9214
2875.4000 6.8779 0.9135
2880.5000 6.9356 0.9225
2885.6000 7.0025 0.9382
2890.7000 6.9847 0.9407
2895.8000 6.8749 0.9527
2900.9000 6.9183 0.9957
2906.0000 6.9406 0.9952
2911.1000 6.9463 0.9418
2916.2000 6.9465 0.9238
2921.3000 6.9656 0.9339
2926.4000 6.9840 0.9267
2931.5000 6.9542 0.9240
2936.6000 6.9218 0.9375
2941.7000 6.8862 0.9412
2946.8000 6.8134 0.9128
2951.9000 6.7668 0.9030
2957.0000 6.7652 0.8997
2962.1000 6.7502 0.8895
2967.2000 6.7220 0.8802
2972.3000 6.6675 0.8749
2977.4000 6.7578 0.8766
2982.5000 6.7793 0.8795
2987.6000 6.8107 0.8956
2992.7000 6.8267 0.9001
2997.8000 6.8141 0.9021
3002.9000 6.8038 0.9062
3008.0000 6.8267 0.9064
3013.1000 6.8350 0.9052
3018.2000 6.8432 0.9057
3023.3000 6.8454 0.9074
3028.4000 6.8505 0.9168
3033.5000 6.9148 0.9604
3038.6000 7.0501 0.9922
3043.7000 7.0832 1.0142
3048.8000 7.1247 1.0320
3053.9000 7.1214 1.0288
3059.0000 7.1176 1.0281
3064.1000 7.1188 1.0116
3069.2000 7.1198 1.0131
3074.3000 7.1224 1.0139
3079.4000 7.1534 1.0125
3084.5000 7.1828 1.0151
3089.6000 7.2180 1.0286
3094.7000 7.2344 1.0264
3099.8000 7.2209 1.0061
3104.9000 7.1540 1.0024
3110.0000 7.1806 1.0038
3115.1000 7.1937 0.9859
3120.2000 7.1795 0.9742
3125.3000 7.1860 0.9667
3130.4000 7.1660 0.9538
3135.5000 7.1373 0.9443
3140.6000 7.0814 0.9247
3145.7000 7.0597 0.9160
3150.8000 7.0377 0.9165
3155.9000 7.0444 0.9243
3161.0000 7.0613 0.9308
3166.1000 7.0857 0.9163
3171.2000 7.0798 0.9008
3176.3000 7.0874 0.8767
3181.4000 7.0869 0.8747
3186.5000 7.1287 0.8958
3191.6000 7.1904 0.9006
3196.7000 7.2601 0.9197
3201.8000 7.2484 0.9166
3206.9000 7.2521 0.9149
3212.0000 7.2810 0.8995
3217.1000 7.2856 0.9261
3222.2000 7.3351 0.9899
3227.3000 7.4295 1.1060
3232.4000 7.4741 1.1564
3237.5000 7.5628 1.1707
3242.6000 7.5577 1.1670
3247.7000 7.5653 1.1578
3252.8000 7.6523 1.1632
3257.9000 7.6387 1.1472
3263.0000 7.6507 1.1412
3268.1000 7.6577 1.1459
3273.2000 7.6549 1.1548
3278.3000 7.6480 1.1566
3283.4000 7.6220 1.1612
3288.5000 7.6923 1.1909
3293.6000 7.8242 1.2554
3298.7000 7.8511 1.2789
3303.8000 7.8605 1.2780
3308.9000 7.8238 1.2747
3314.0000 7.7694 1.2561
3319.1000 7.7491 1.2493
3324.2000 7.7795 1.2435
3329.3000 7.7826 1.2313
3334.4000 7.8037 1.2382
3339.5000 7.8542 1.2394
3344.6000 7.9061 1.2487
3349.7000 7.9339 1.2527
3354.8000 7.9199 1.2587
3359.9000 7.9391 1.2513
3365.0000 8.0417 1.2760
3370.1000 8.1611 1.3325
3375.2000 8.1811 1.3388
3380.3000 8.2742 1.4098
3385.4000 8.3049 1.4384
3390.5000 8.2771 1.4082
3395.6000 8.3030 1.4107
3400.7000 8.3306 1.4276
3405.8000 8.3563 1.4582
3410.9000 8.3610 1.4626
3416.0000 8.3515 1.4641
3421.1000 8.3743 1.4515
3426.2000 8.3670 1.4473
3431.3000 8.3785 1.4269
3436.4000 8.3976 1.4211
3441.5000 8.3565 1.3941
3446.6000 8.3634 1.3956
3451.7000 8.3171 1.4598
3456.8000 8.3196 1.4647
3461.9000 8.2591 1.4717
3467.0000 8.2965 1.4922
3472.1000 8.4090 1.5253
3477.2000 8.3154 1.4521
3482.3000 8.2386 1.4344
3487.4000 8.1323 1.4529
3492.5000 8.1185 1.4650
3497.6000 8.1717 1.4826
3502.7000 8.1406 1.5172
3507.8000 8.1073 1.5352
3512.9000 8.1077 1.5100
3518.0000 8.1327 1.5348
3523.1000 8.1332 1.5192
3528.2000 8.1146 1.5117
3533.3000 8.0773 1.5182
3538.4000 8.0920 1.5218
3543.5000 8.2177 1.5319
3548.6000 8.2696 1.5567
3553.7000 8.2313 1.5305
3558.8000 8.2729 1.5238
3563.9000 8.2267 1.5066
3569.0000 8.2984 1.5349
3574.1000 8.3353 1.5531
3579.2000 8.4956 1.5845
3584.3000 8.6328 1.5713
3589.4000 8.7633 1.5719
3594.5000 8.8202 1.5993
3599.6000 8.8747 1.6138
3604.7000 8.8734 1.5791
3609.8000 8.8700 1.5738
3614.9000 8.8744 1.5869
3620.0000 8.9643 1.6320
3625.1000 9.0630 1.6827
3630.2000 9.1463 1.7380
3635.3000 9.2445 1.7899
3640.4000 9.3111 1.7848
3645.5000 9.4220 1.8510
3650.6000 9.5032 1.9721
3655.7000 9.5960 2.0036
3660.8000 9.6741 2.0351
3665.9000 9.7538 2.1153
3671.0000 9.8271 2.0515
3676.1000 9.8748 2.0475
3681.2000 9.9167 2.0845
3686.3000 9.9291 2.1209
3691.4000 9.9763 2.1434
3696.5000 9.9878 2.1510
3701.6000 10.0965 2.1625
3706.7000 10.1018 2.1222
3711.8000 10.1351 2.0793
3716.9000 10.1576 2.0696
3722.0000 10.1865 2.1349
3727.1000 10.2302 2.1923
3732.2000 10.2424 2.2995
3737.3000 10.2506 2.3231
3742.4000 10.2948 2.2941
3747.5000 10.3119 2.2491
3752.6000 10.3926 2.2503
3757.7000 10.4526 2.2210
3762.8000 10.4505 2.2109
3767.9000 10.4263 2.2070
3773.0000 10.4280 2.2179
3778.1000 10.4175 2.1971
3783.2000 10.4089 2.1972
3788.3000 10.4171 2.1681
3793.4000 10.3905 2.1555
3798.5000 10.3784 2.1379
3803.6000 10.3555 2.1082
3808.7000 10.3455 2.1208
3813.8000 10.2554 2.1346
3818.9000 10.1790 2.1175
3824.0000 10.1445 2.1016
3829.1000 10.1848 2.1085
3834.2000 10.2091 2.0915
3839.3000 10.2016 2.0894
3844.4000 10.2123 2.1191
3849.5000 10.1900 2.1274
3854.6000 10.1449 2.0846
3859.7000 10.1411 2.0735
3864.8000 10.1538 2.0895
3869.9000 10.1357 2.0196
3875.0000 10.1591 2.0143
3880.1000 10.1726 2.0185
3885.2000 10.1469 2.0421
3890.3000 10.1055 2.0510
3895.4000 10.0353 2.0574
3900.5000 10.0257 2.0798
3905.6000 10.0394 2.0589
3910.7000 10.0267 2.0518
3915.8000 10.0483 2.0824
3920.9000 10.0317 2.0853
3926.0000 10.0189 2.0759
3931.1000 9.9586 2.0763
3936.2000 9.9218 2.0640
3941.3000 9.9439 2.0497
3946.4000 9.8419 2.0385
3951.5000 9.7597 2.0338
3956.6000 9.7181 2.0628
3961.7000 9.7235 2.0123
3966.8000 9.7114 1.9979
3971.9000 9.6962 1.9496
3977.0000 9.7126 1.9131
3982.1000 9.7063 1.9016
3987.2000 9.7320 1.9163
3992.3000 9.7637 1.9154
3997.4000 9.8178 1.9046
4002.5000 9.8806 1.9397
4007.6000 9.9055 1.9082
4012.7000 9.9663 1.9466
4017.8000 9.9726 1.9413
4022.9000 10.0367 1.9861
4028.0000 10.1504 2.0220
4033.1000 10.2858 2.1063
4038.2000 10.4257 2.1797
4043.3000 10.5459 2.3013
4048.4000 10.6338 2.3302
4053.5000 10.7007 2.3580
4058.6000 10.5826 2.2874
4063.7000 10.4926 2.2521
4068.8000 10.4970 2.2641
4073.9000 10.4999 2.2656
4079.0000 10.5043 2.2521
4084.1000 10.5480 2.2976
4089.2000 10.5474 2.2930
4094.3000 10.4906 2.2363
4099.3000 10.4116 2.2011
4104.3000 10.4454 2.1703
4109.3000 10.4703 2.1643
4114.3000 10.4788 2.1778
4119.3000 10.4777 2.1861
4124.3000 10.5255 2.2376
4129.3000 10.5262 2.1882
4134.3000 10.5676 2.1900
4139.3000 10.5412 2.2006
4144.3000 10.4939 2.1473
4149.3000 10.4502 2.1173
4154.3000 10.4351 2.1263
4159.3000 10.3767 2.0820
4164.3000 10.3351 2.0489
4169.3000 10.3310 2.0418
4174.3000 10.2823 2.0263
4179.3000 10.2150 2.0079
4184.3000 10.2268 2.0383
4189.3000 10.2011 2.0166
4194.3000 10.1524 2.0100
4199.3000 10.1587 2.0004
4204.3000 10.1718 1.9804
4209.3000 10.2095 1.9886
4214.3000 10.2134 1.9686
4219.3000 10.2342 1.9871
4224.3000 10.3294 2.0121
4229.3000 10.2797 1.9707
4234.3000 10.2776 1.9504
4239.3000 10.4511 2.0231
4244.3000 10.5617 2.1332
4249.3000 10.5751 2.1095
4254.3000 10.5833 2.0926
4259.3000 10.5776 2.0910
4264.3000 10.5729 2.0670
4269.3000 10.5621 2.0548
4274.3000 10.5838 2.0432
4279.3000 10.6079 2.0446
4284.3000 10.6328 2.0987
4289.3000 10.6326 2.0248
4294.3000 10.6294 1.9833
4299.3000 10.6649 1.9993
4304.3000 10.6732 2.0214
4309.3000 10.5730 1.9717
4314.3000 10.5220 1.9449
4319.3000 10.5249 1.9426
4324.3000 10.5678 1.9443
4329.3000 10.6006 1.9536
4334.3000 10.6769 2.0449
4339.3000 10.6573 2.1110
4344.3000 10.6564 2.1205
4349.3000 10.7110 2.0817
4354.3000 10.7734 2.0923
4359.3000 10.7548 2.0834
4364.3000 10.7123 2.0388
4369.3000 10.6884 2.0266
4374.3000 10.6775 2.0242
4379.3000 10.6686 2.0141
4384.3000 10.5439 1.9676
4389.3000 10.4515 1.9549
4394.3000 10.5280 1.9288
4399.3000 10.6217 1.9306
4404.3000 10.6928 1.9426
4409.3000 10.7630 1.9414
4414.3000 10.7910 1.9077
4419.3000 10.8594 1.9158
4424.3000 10.9279 1.9270
4429.3000 10.9878 1.9461
4434.3000 11.0383 1.9849
4439.3000 11.0217 1.9871
4444.3000 11.0352 1.9989
4449.3000 11.0371 1.9806
4454.3000 10.9961 1.9965
4459.3000 10.9800 2.0246
4464.3000 10.9897 2.0417
4469.3000 11.0173 2.0995
4474.3000 11.0698 2.1456
4479.3000 11.0447 2.2080
4484.3000 11.0224 2.2111
4489.3000 11.0232 2.1831
4494.3000 11.0137 2.1925
4499.3000 11.0220 2.2473
4504.3000 11.0496 2.2000
4509.3000 11.0591 2.1589
4514.3000 11.0608 2.1554
4519.3000 11.0352 2.1441
4524.3000 11.0012 2.1443
4529.3000 10.9560 2.1225
4534.3000 10.9862 2.1327
4539.3000 11.0142 2.1552
4544.3000 11.0255 2.1704
4549.3000 10.9619 2.1795
4554.3000 10.9411 2.1941
4559.3000 10.9886 2.2049
4564.3000 11.0158 2.1948
4569.3000 11.0301 2.1828
4574.3000 10.9593 2.2241
4579.3000 10.9528 2.2935
4584.3000 10.9289 2.3043
4589.3000 10.8993 2.3174
4594.3000 10.9163 2.3182
4599.3000 10.9426 2.3173
4604.3000 10.9797 2.3454
4609.3000 10.9781 2.3628
4614.3000 11.0152 2.3647
4619.3000 11.0737 2.3648
4624.3000 11.1304 2.3576
4629.3000 11.1424 2.3417
4634.3000 11.1425 2.3681
4639.3000 11.1164 2.3768
4644.3000 11.1187 2.3354
4649.3000 11.1364 2.3238
4654.3000 11.1727 2.3221
4659.3000 11.2654 2.3503
4664.3000 11.3258 2.3341
4669.3000 11.3601 2.2986
4674.3000 11.4128 2.2303
4679.3000 11.4572 2.1792
4684.3000 11.5094 2.1896
4689.3000 11.5570 2.1684
4694.3000 11.5853 2.1278
4699.3000 11.6546 2.1383
4704.3000 11.6911 2.1533
4709.3000 11.7120 2.1796
4714.3000 11.7631 2.2666
4719.3000 11.8359 2.3531
4724.3000 11.9087 2.4593
4729.3000 11.9140 2.5124
4734.3000 11.8905 2.5257
4739.3000 11.8943 2.5107
4744.3000 11.9116 2.5167
4749.3000 11.9098 2.5407
4754.3000 11.9242 2.5490
4759.3000 11.9297 2.5463
4764.3000 11.9234 2.5613
4769.3000 11.9566 2.5964
4774.3000 11.9325 2.6045
4779.3000 11.9000 2.6184
4784.3000 11.8200 2.6114
4789.3000 11.7618 2.5948
4794.3000 11.7810 2.6176
4799.3000 11.7615 2.6751
4804.3000 11.7182 2.7526
4809.3000 11.7157 2.7514
4814.3000 11.8159 2.7658
4819.3000 11.7808 2.7459
4824.3000 11.7748 2.7573
4829.3000 11.8375 2.7599
4834.3000 11.8799 2.7691
4839.3000 11.8131 2.7629
4844.3000 11.8504 2.7100
4849.3000 11.9419 2.6696
4854.3000 11.9655 2.6640
4859.3000 11.9157 2.6212
4864.3000 11.8780 2.6545
4869.3000 11.8880 2.6595
4874.3000 11.9607 2.6525
4879.3000 11.9160 2.5608
4884.3000 11.9488 2.5043
4889.3000 11.9110 2.5072
4894.3000 11.9492 2.5170
4899.3000 11.9632 2.5241
4904.3000 11.8975 2.5010
4909.3000 11.8863 2.5151
4914.3000 11.8912 2.5097
4919.3000 11.8860 2.5256
4924.3000 11.8901 2.5129
4929.3000 11.8992 2.4915
4934.3000 11.8853 2.4571
4939.3000 11.8735 2.4389
4944.3000 11.8663 2.4305
4949.3000 11.8167 2.4122
4954.3000 11.7507 2.3795
4959.3000 11.6610 2.3797
4964.3000 11.6811 2.3686
4969.3000 11.7018 2.3557
4974.3000 11.7225 2.3393
4979.3000 11.7987 2.3427
4984.3000 11.9027 2.3510
4989.3000 11.9335 2.3614
4994.3000 11.9878 2.3640
4999.3000 11.9760 2.3598
5004.3000 11.9523 2.3656
5009.3000 11.8431 2.3798
5014.3000 11.8250 2.3781
5019.3000 11.8801 2.3308
5024.3000 11.9022 2.3053
5029.3000 11.8042 2.2864
5034.3000 11.7543 2.2820
5039.3000 11.7318 2.2699
5044.3000 11.7792 2.3157
5049.3000 11.7262 2.3457
5054.3000 11.7154 2.4116
5059.3000 11.7732 2.3871
5064.3000 11.8575 2.4385
5069.3000 11.8596 2.4097
5074.3000 11.9055 2.4478
5079.3000 11.9264 2.4823
5084.3000 11.9722 2.5298
5089.3000 12.0186 2.5368
5094.3000 12.0196 2.4939
5099.3000 12.0068 2.4857
5104.3000 11.9925 2.4489
5109.3000 11.9984 2.4483
5114.3000 12.0199 2.4741
5119.3000 12.0105 2.4971
5124.3000 12.0431 2.4969
5129.3000 12.0408 2.4898
5134.3000 12.0626 2.4958
5139.3000 12.0309 2.5301
5144.3000 12.0667 2.5632
5149.3000 12.1512 2.6934
5154.3000 12.1742 2.6711
5159.3000 12.1684 2.6213
5164.3000 12.1737 2.6072
5169.3000 12.1755 2.6166
5174.3000 12.1885 2.6421
5179.3000 12.0880 2.6695
5184.3000 12.0532 2.7758
5189.3000 12.0172 2.7546
5194.3000 12.0478 2.7439
5199.3000 12.1754 2.7594
5204.3000 12.2713 2.8169
5209.3000 12.3173 2.7956
5214.3000 12.3332 2.7497
5219.3000 12.2489 2.7159
5224.3000 12.2143 2.6941
5229.3000 12.1468 2.6714
5234.3000 12.0545 2.5888
5239.3000 12.0169 2.5556
5244.3000 12.0201 2.5710
5249.3000 11.9977 2.5612
5254.3000 11.9662 2.5525
5259.3000 11.8566 2.5507
5264.3000 11.8428 2.5599
5269.3000 11.8018 2.5377
5274.3000 11.7664 2.4864
5279.3000 11.8332 2.4347
5284.3000 11.9091 2.3823
5289.3000 11.9930 2.3527
5294.3000 12.0899 2.3766
5299.3000 12.1342 2.4224
5304.3000 12.1866 2.4831
5309.3000 12.2763 2.5602
5314.3000 12.3748 2.7037
5319.3000 12.4367 2.7900
5324.3000 12.4662 2.8645
5329.3000 12.5052 3.0004
5334.3000 12.4926 3.0280
5339.3000 12.4874 3.0217
5344.3000 12.4769 2.9942
5349.3000 12.4561 2.9705
5354.3000 12.3836 2.9634
5359.3000 12.4113 2.9461
5364.3000 12.4621 2.9453
5369.3000 12.4822 2.9699
5374.3000 12.6029 3.0344
5379.3000 12.6126 3.0198
5384.3000 12.5464 2.9828
5389.3000 12.4031 2.9627
5394.3000 12.4804 2.9741
5399.3000 12.5295 2.9676
5404.3000 12.5104 3.0012
5409.3000 12.5011 3.0372
5414.3000 12.4925 3.0555
5419.3000 12.5403 3.0528
5424.3000 12.5629 3.0728
5429.3000 12.5460 3.1094
5434.3000 12.5755 3.1209
5439.3000 12.5936 3.1160
5444.3000 12.5608 3.1367
5449.3000 12.5403 3.1796
5454.3000 12.5136 3.1268
5459.3000 12.5131 3.1068
5464.3000 12.5975 3.1172
5469.3000 12.6714 3.1182
5474.3000 12.6937 3.1483
5479.3000 12.7401 3.1109
5484.3000 12.8150 3.1394
5489.3000 12.8130 3.2048
5494.3000 12.8433 3.2319
5499.3000 12.9389 3.2585
5504.3000 12.9748 3.2830
5509.3000 12.9876 3.2663
5514.3000 13.0525 3.2694
5519.3000 13.0497 3.2772
5524.3000 13.0557 3.2662
5529.3000 13.0162 3.2881
5534.3000 12.9265 3.2395
5539.3000 12.9082 3.1888
5544.3000 12.8714 3.1054
5549.3000 12.8668 3.1293
5554.3000 12.8635 3.1536
5559.3000 12.8553 3.2064
5564.3000 12.9237 3.2132
5569.3000 12.9545 3.2312
5574.3000 13.0143 3.3454
5579.3000 13.0370 3.4197
5584.3000 12.9338 3.4755
5589.3000 12.8916 3.3389
5594.3000 12.8449 3.2341
5599.3000 12.8328 3.1596
5604.3000 12.8568 3.1280
5609.3000 12.8943 3.1097
5614.3000 12.9335 3.1035
5619.3000 12.9205 3.0919
5624.3000 12.8891 3.0750
5629.3000 12.8568 3.0650
5634.3000 12.8093 3.0649
5639.3000 12.8100 3.0570
5644.3000 12.7943 3.0282
5649.3000 12.7080 2.9713
5654.3000 12.6411 2.9524
5659.3000 12.6288 2.9283
5664.3000 12.7077 2.9328
5669.3000 12.7737 2.9534
5674.3000 12.7999 2.9851
5679.3000 12.8303 2.9878
5684.3000 12.7807 3.0159
5689.3000 12.7555 3.0067
5694.3000 12.7808 3.0151
5699.3000 12.7759 3.0361
5704.3000 12.7677 3.0340
5709.3000 12.7870 3.0550
5714.3000 12.7991 3.1186
5719.3000 12.8733 3.1652
5724.3000 12.9358 3.0855
5729.3000 12.9268 3.0456
5734.3000 12.9610 3.0877
5739.3000 12.8475 3.0475
5744.3000 12.7488 3.0093
5749.3000 12.6835 2.9895
5754.3000 12.6505 2.9983
5759.3000 12.6699 2.9656
5764.3000 12.7076 2.8453
5769.3000 12.6941 2.7052
5774.3000 12.6926 2.6762
5779.3000 12.6900 2.6819
5784.3000 12.7227 2.6542
5789.3000 12.7735 2.5878
5794.3000 12.8024 2.5738
5799.3000 12.8360 2.5805
5804.3000 12.8404 2.5759
5809.3000 12.8431 2.5706
5814.3000 12.8250 2.5699
5819.3000 12.8140 2.5948
5824.3000 12.8238 2.6424
5829.3000 12.8350 2.7263
5834.3000 12.8243 2.7298
5839.3000 12.7990 2.7238
5844.3000 12.8153 2.7337
5849.3000 12.8325 2.7239
5854.3000 12.8364 2.7280
5859.3000 12.8326 2.7229
5864.3000 12.8334 2.7179
5869.3000 12.8791 2.7510
5874.3000 12.8954 2.8091
5879.3000 12.8835 2.7777
5884.3000 12.8927 2.7960
5889.3000 12.8080 2.8240
5894.3000 12.7211 2.8213
5899.3000 12.7135 2.8299
5904.3000 12.7639 2.9159
5909.3000 12.7609 2.8889
5914.3000 12.6780 2.8541
5919.3000 12.5477 2.8122
5924.3000 12.4471 2.7978
5929.3000 12.3967 2.7911
5934.3000 12.3895 2.7788
5939.3000 12.4428 2.7903
5944.3000 12.5098 2.8166
5949.3000 12.5351 2.8186
5954.3000 12.5942 2.8173
5959.3000 12.6715 2.8426
5964.3000 12.7253 2.9660
5969.3000 12.7692 3.0482
5974.3000 12.7227 3.0311
5979.3000 12.7079 3.0882
5984.3000 12.6667 3.0890
5989.3000 12.6232 3.1066
5994.3000 12.5905 3.0585
5999.3000 12.5537 2.9805
6004.3000 12.5488 2.9580
6009.3000 12.5311 2.9465
6014.3000 12.5358 2.9548
6019.3000 12.5197 2.9445
6024.3000 12.4685 2.9379
6029.3000 12.4721 2.9393
6034.3000 12.4827 2.9239
6039.3000 12.4757 2.9111
6044.3000 12.4177 2.9144
6049.3000 12.3735 2.9407
6054.3000 12.3295 3.0041
6059.3000 12.2942 3.0515
6064.3000 12.2764 3.0577
6069.3000 12.2150 3.0114
6074.3000 12.2472 2.9874
6079.3000 12.3086 2.9731
6084.3000 12.3505 2.9910
6089.3000 12.4037 3.0360
6094.3000 12.4425 3.0246
6099.3000 12.4461 3.0256
6104.3000 12.4287 2.9992
6109.3000 12.4009 3.0075
6114.3000 12.4052 3.0267
6119.3000 12.4046 3.0304
6124.3000 12.4223 3.0439
6129.3000 12.4656 3.0713
6134.3000 12.5162 3.1401
6139.3000 12.5247 3.0791
6144.3000 12.5179 3.0556
6149.3000 12.4944 3.0318
6154.3000 12.4278 3.0286
6159.3000 12.4079 3.0394
6164.3000 12.4000 3.0288
6169.3000 12.4031 3.0331
6174.3000 12.4233 3.0335
6179.3000 12.4436 3.0438
6184.3000 12.4476 3.0125
6189.3000 12.4284 2.9959
6194.3000 12.4847 3.0150
6199.3000 12.6028 3.0613
6204.3000 12.7224 3.0706
6209.3000 12.7752 3.0703
6214.3000 12.7970 3.0698
6219.3000 12.7674 3.0617
6224.3000 12.7767 3.0788
6229.3000 12.7688 3.0822
6234.3000 12.7604 3.0631
6239.3000 12.7477 3.0478
6244.3000 12.7463 3.0466
6249.3000 12.7259 3.0629
6254.3000 12.6907 3.0688
6259.3000 12.6747 3.0543
6264.3000 12.6281 3.0407
6269.3000 12.6239 3.0284
6274.3000 12.6310 3.0273
6279.3000 12.6216 3.0118
6284.3000 12.6137 3.0053
6289.3000 12.5395 3.0238
6294.3000 12.4709 2.9988
6299.3000 12.4820 3.0261
6304.3000 12.5068 3.0519
6309.3000 12.5641 3.0615
6314.3000 12.5945 3.1020
6319.3000 12.5937 3.1375
6324.3000 12.6255 3.1157
6329.3000 12.6724 3.1045
6334.3000 12.7101 3.1646
6339.3000 12.7574 3.1937
6344.3000 12.7700 3.1737
6349.3000 12.8249 3.1465
6354.3000 12.8506 3.1499
6359.3000 12.9299 3.1861
6364.3000 13.0364 3.2085
6369.3000 13.1457 3.2378
6374.3000 13.2498 3.3038
6379.3000 13.3159 3.3570
6384.3000 13.3633 3.3938
6389.3000 13.3608 3.4494
6394.3000 13.3198 3.4704
6399.3000 13.2958 3.4806
6404.3000 13.2709 3.4781
6409.3000 13.2212 3.4722
6414.3000 13.2366 3.4671
6419.3000 13.2280 3.4604
6424.3000 13.1930 3.4847
6429.3000 13.2148 3.4661
6434.3000 13.2195 3.4446
6439.3000 13.2262 3.4030
6444.3000 13.2534 3.4066
6449.3000 13.2711 3.3994
6454.3000 13.3267 3.3863
6459.3000 13.3168 3.3398
6464.3000 13.2848 3.3587
6469.3000 13.2362 3.2929
6474.3000 13.2221 3.1944
6479.3000 13.2044 3.1502
6484.3000 13.1996 3.1285
6489.3000 13.1337 3.1240
6494.3000 13.0569 3.0887
6499.3000 13.0325 2.9981
6504.3000 13.0648 2.9606
6509.3000 13.0377 2.8715
6514.3000 13.0203 2.8888
6519.3000 12.9845 2.8852
6524.3000 12.9660 2.8868
6529.3000 12.9513 2.8994
6534.3000 12.9268 2.9069
6539.3000 12.8988 2.9186
6544.3000 12.9152 2.9278
6549.3000 12.9108 2.9304
6554.3000 12.9289 2.9489
6559.3000 12.9706 3.0027
6564.3000 13.0329 3.0711
6569.3000 13.1026 3.1697
6574.3000 13.0898 3.1993
6579.3000 12.9810 3.2167
6584.3000 12.9589 3.2466
6589.3000 12.9709 3.2710
6594.3000 12.9883 3.2665
6599.3000 12.9380 3.3123
6604.3000 12.9521 3.2772
6609.3000 12.9679 3.2781
6614.3000 12.9973 3.2939
6619.3000 13.0571 3.2662
6624.3000 13.1108 3.2029
6629.3000 13.1471 3.1951
6634.3000 13.1587 3.1880
6639.3000 13.1921 3.1789
6644.3000 13.2277 3.1687
6649.3000 13.2445 3.1618
6654.3000 13.2477 3.1532
6659.3000 13.2634 3.1391
6664.3000 13.2338 3.1358
6669.3000 13.2433 3.1543
6674.3000 13.2789 3.1566
6679.3000 13.2742 3.1876
6684.3000 13.2763 3.2390
6689.3000 13.3063 3.2855
6694.3000 13.3556 3.2870
6699.3000 13.3923 3.2518
6704.3000 13.4398 3.2497
6709.3000 13.4159 3.2821
6714.3000 13.4611 3.3033
6719.3000 13.4865 3.2818
6724.3000 13.5189 3.2792
6729.3000 13.5546 3.2772
6734.3000 13.6072 3.2715
6739.3000 13.5590 3.2494
6744.3000 13.5274 3.2688
6749.3000 13.5311 3.2780
6754.3000 13.5338 3.2869
6759.3000 13.5362 3.2947
6764.3000 13.5483 3.3182
6769.3000 13.5719 3.3544
6774.3000 13.5644 3.3045
6779.3000 13.6137 3.2888
6784.3000 13.6064 3.2823
6789.3000 13.5688 3.2730
6794.3000 13.5919 3.2650
6799.3000 13.6041 3.2687
6804.3000 13.6434 3.2761
6809.3000 13.6174 3.2409
6814.3000 13.5514 3.2058
6819.3000 13.4387 3.1167
6824.3000 13.4422 3.1205
6829.3000 13.3670 3.0881
6834.3000 13.2788 3.0831
6839.3000 13.2752 3.1156
6844.3000 13.3140 3.1695
6849.3000 13.3453 3.2112
6854.3000 13.3082 3.1702
6859.3000 13.2620 3.1691
6864.3000 13.2202 3.1945
6869.3000 13.1961 3.2075
6874.3000 13.2039 3.2229
6879.3000 13.2541 3.3136
6884.3000 13.2562 3.3701
6889.3000 13.1703 3.2984
6894.3000 13.1176 3.2995
6899.3000 13.1791 3.3174
6904.3000 13.2059 3.3244
6909.3000 13.1951 3.3186
6914.3000 13.2911 3.3176
6919.3000 13.3249 3.3247
6924.3000 13.2530 3.3318
6929.3000 13.2238 3.3419
6934.3000 13.1960 3.3313
6939.3000 13.1133 3.2682
6944.3000 12.9813 3.1611
6949.3000 12.8506 3.1237
6954.3000 12.8668 3.1013
6959.3000 12.8983 3.1280
6964.3000 12.9395 3.1908
6969.3000 12.9569 3.1645
6974.3000 13.0076 3.1696
6979.3000 12.9324 3.1517
6984.3000 12.8122 3.1369
6989.3000 12.8054 3.1339
6994.3000 12.7570 3.1082
6999.3000 12.7178 3.0727
7004.3000 12.7022 3.0791
7009.3000 12.7506 3.0899
7014.3000 12.7662 3.1036
7019.3000 12.7734 3.1899
7024.3000 12.8053 3.2131
7029.3000 12.8719 3.2115
7034.3000 13.0128 3.2535
7039.3000 13.1461 3.2522
7044.3000 13.2633 3.2999
7049.3000 13.3491 3.3125
7054.3000 13.3707 3.3243
7059.3000 13.4166 3.3371
7064.3000 13.3344 3.2918
7069.3000 13.2421 3.3182
7074.3000 13.2377 3.3658
7079.3000 13.3251 3.4604
7084.3000 13.3356 3.4532
7089.3000 13.3303 3.5046
7094.3000 13.2922 3.5043
7099.3000 13.2269 3.4547
7104.3000 13.2409 3.4496
7109.3000 13.2570 3.4385
7114.3000 13.2359 3.3654
7119.3000 13.2442 3.3735
7124.3000 13.2218 3.3338
7129.3000 13.2164 3.3171
7134.3000 13.2319 3.3224
7139.3000 13.2271 3.3162
7144.3000 13.1870 3.3252
7149.3000 13.2120 3.4119
7154.3000 13.2574 3.3686
7159.3000 13.2291 3.3404
7164.3000 13.1400 3.3180
7169.3000 13.1195 3.3600
7174.3000 13.1721 3.3740
7179.3000 13.1811 3.3351
7184.3000 13.1892 3.3310
7189.3000 13.2120 3.3523
7194.3000 13.2191 3.3574
7199.3000 13.2239 3.3693
7204.3000 13.2627 3.4053
7209.3000 13.3110 3.3809
7214.3000 13.3479 3.4049
7219.3000 13.3252 3.4027
7224.3000 13.2743 3.4143
7229.3000 13.2428 3.4297
7234.3000 13.3158 3.4820
7239.3000 13.4780 3.5197
7244.3000 13.5126 3.5427
7249.3000 13.5589 3.5607
7254.3000 13.5726 3.5690
7259.3000 13.5700 3.5705
7264.3000 13.6025 3.5429
7269.3000 13.6107 3.5458
7274.3000 13.5388 3.5191
7279.3000 13.5474 3.4988
7284.3000 13.6071 3.4605
7289.3000 13.7221 3.4736
7294.3000 13.7292 3.4696
7299.3000 13.7259 3.4587
7304.3000 13.7254 3.4694
7309.3000 13.7080 3.4752
7314.3000 13.7008 3.4697
7319.3000 13.6497 3.4348
7324.3000 13.6431 3.4472
7329.3000 13.6669 3.3568
7334.3000 13.6984 3.3259
7339.3000 13.7692 3.4056
7344.3000 13.7515 3.4045
7349.3000 13.7651 3.4150
7354.3000 13.7962 3.4674
7359.3000 13.7887 3.5937
7364.3000 13.7976 3.6312
7369.3000 13.8158 3.6680
7374.3000 13.8290 3.7291
7379.3000 13.8098 3.6940
7384.3000 13.7885 3.6954
7389.3000 13.7761 3.7369
7394.3000 13.7516 3.8294
7399.3000 13.7288 3.8853
7404.3000 13.7531 3.7782
7409.3000 13.7443 3.6698
7414.3000 13.7231 3.6314
7419.3000 13.6933 3.6400
7424.3000 13.8149 3.6857
7429.3000 13.9839 3.8144
7434.3000 14.0417 3.8510
7439.3000 14.0394 3.8548
7444.3000 14.0766 3.9354
7449.3000 13.9613 3.8721
7454.3000 13.9729 3.8606
7459.3000 13.9890 3.8940
7464.3000 14.0218 4.0404
7469.3000 14.0244 4.1037
7474.3000 13.9835 4.0666
7479.3000 14.0500 4.0443
7484.3000 14.1176 4.0153
7489.3000 14.1867 3.9768
7494.3000 14.2509 3.9599
7499.3000 14.2415 3.9287
7504.3000 14.2049 3.8897
7509.3000 14.2986 3.8847
7514.3000 14.3239 3.8354
7519.3000 14.3614 3.8004
7524.3000 14.3974 3.8113
7529.3000 14.4523 3.9034
7534.3000 14.4867 3.9190
7539.3000 14.4475 3.8765
7544.3000 14.4439 3.8709
7549.3000 14.4533 3.8337
7554.3000 14.4887 3.8646
7559.3000 14.5000 3.8742
7564.3000 14.5263 3.8760
7569.3000 14.5308 3.8819
7574.3000 14.4831 3.8243
7579.3000 14.4942 3.8255
7584.3000 14.4900 3.8312
7589.3000 14.4807 3.8342
7594.3000 14.4810 3.8102
7599.3000 14.5691 3.8193
7604.3000 14.5992 3.7873
7609.3000 14.5518 3.7616
7614.3000 14.6224 3.8418
7619.3000 14.6018 3.8637
7624.3000 14.6024 3.8810
7629.3000 14.6400 3.9121
7634.3000 14.6298 3.9664
7639.3000 14.6525 3.9466
7644.3000 14.6581 3.9430
7649.3000 14.7024 3.9862
7654.3000 14.7480 4.1003
7659.3000 14.7599 4.1163
7664.3000 14.8174 4.1219
7669.3000 14.8037 4.1243
7674.3000 14.7606 4.1365
7679.3000 14.7858 4.1781
7684.3000 14.7987 4.1902
7689.3000 14.8321 4.1939
7694.3000 14.8641 4.2000
7699.3000 14.8444 4.1732
7704.3000 14.7947 4.1995
7709.3000 14.8062 4.2577
7714.3000 14.8007 4.3648
7719.3000 14.7955 4.4148
7724.3000 14.7938 4.4248
7729.3000 14.8182 4.4299
7734.3000 14.8620 4.4041
7739.3000 14.9013 4.3919
7744.3000 14.9348 4.3836
7749.3000 14.9801 4.3631
7754.3000 15.0097 4.3702
7759.3000 14.9791 4.3322
7764.3000 14.9727 4.3156
7769.3000 14.9553 4.3464
7774.3000 14.9799 4.4164
7779.3000 15.0299 4.3467
7784.3000 15.0405 4.3118
7789.3000 15.0435 4.2986
7794.3000 15.0386 4.2567
7799.3000 15.0374 4.1970
7804.3000 15.0084 4.1759
7809.3000 14.9263 4.1644
7814.3000 14.9595 4.2101
7819.3000 14.9536 4.1894
7824.3000 15.0074 4.1581
7829.3000 15.1119 4.1766
7834.3000 15.2378 4.2107
7839.3000 15.2937 4.2521
7844.3000 15.3119 4.2903
7849.3000 15.2672 4.2705
7854.3000 15.3130 4.3272
7859.3000 15.4030 4.3101
7864.3000 15.4613 4.3033
7869.3000 15.4540 4.2912
7874.3000 15.3855 4.3179
7879.3000 15.3510 4.3830
7884.3000 15.4037 4.4656
7889.3000 15.3412 4.3587
7894.3000 15.2249 4.2059
7899.3000 15.2273 4.1576
7904.3000 15.2868 4.1459
7909.3000 15.3165 4.1340
7914.3000 15.3341 4.0823
7919.3000 15.2832 4.0752
7924.3000 15.2623 4.0501
7929.3000 15.2248 4.0306
7934.3000 15.2655 3.9966
7939.3000 15.3006 3.9903
7944.3000 15.3282 3.9613
7949.3000 15.3481 3.9077
7954.3000 15.3754 3.8972
7959.3000 15.3755 3.8183
7964.3000 15.3065 3.7106
7969.3000 15.2545 3.7013
7974.3000 15.2570 3.7128
7979.3000 15.2564 3.7687
7984.3000 15.2691 3.7772
7989.3000 15.2771 3.7604
7994.3000 15.3044 3.7716
7999.3000 15.3897 3.8443
8004.3000 15.4438 3.8973
8009.3000 15.3939 3.8894
8014.3000 15.3287 3.8472
8019.3000 15.3140 3.8653
8024.3000 15.3353 3.9184
8029.3000 15.3325 3.9404
8034.3000 15.3127 3.9501
8039.3000 15.2458 3.9412
8044.3000 15.1707 3.9169
8049.3000 15.0788 3.9160
8054.3000 15.0645 3.8831
8059.3000 14.9992 3.7821
8064.3000 14.9232 3.6728
8069.3000 15.0597 3.7666
8074.3000 15.0792 3.8082
8079.3000 15.0138 3.7903
8084.3000 14.9969 3.8046
8089.3000 14.9700 3.8109
8094.3000 14.9144 3.8107
8099.3000 14.8803 3.8060
8104.3000 14.7853 3.8086
8109.3000 14.7540 3.8066
8114.3000 14.7693 3.7695
8119.3000 14.7612 3.7353
8124.3000 14.7830 3.7165
8129.3000 14.7975 3.7063
8134.3000 14.7777 3.6768
8139.3000 14.7096 3.6372
8144.3000 14.5904 3.6185
8149.3000 14.4676 3.6023
8154.3000 14.3719 3.5500
8159.3000 14.3403 3.5707
8164.3000 14.3338 3.5948
8169.3000 14.2899 3.6383
8174.3000 14.3327 3.6544
8179.3000 14.4615 3.6578
8184.3000 14.5640 3.6353
8189.3000 14.5449 3.5999
8194.3000 14.4917 3.5800
8199.3000 14.4043 3.5444
8204.3000 14.4712 3.5346
8209.3000 14.5345 3.5546
8214.3000 14.5867 3.5687
8219.3000 14.6013 3.5764
8224.3000 14.6258 3.5889
8229.3000 14.6956 3.5847
8234.3000 14.7653 3.5348
8239.3000 14.8059 3.5295
8244.3000 14.8547 3.5269
8249.3000 14.9217 3.5679
8254.3000 14.9472 3.6138
8259.3000 14.9234 3.6796
8264.3000 14.9539 3.6378
8269.3000 14.9872 3.6453
8274.3000 14.9598 3.6743
8279.3000 14.9483 3.6271
8284.3000 14.9409 3.6143
8289.3000 14.9900 3.6338
8294.3000 15.0126 3.6552
8299.3000 14.9578 3.6403
8304.3000 14.9153 3.6359
8309.3000 14.9522 3.6493
8314.3000 15.0000 3.6265
8319.3000 15.0364 3.6529
8324.3000 15.0675 3.6458
8329.3000 15.0703 3.6578
8334.3000 15.0666 3.6706
8339.3000 15.0880 3.6759
8344.3000 15.1136 3.6703
8349.3000 15.1227 3.6906
8354.3000 15.1184 3.6856
8359.3000 15.1309 3.6862
8364.3000 15.1598 3.6578
8369.3000 15.1524 3.6635
8374.3000 15.1105 3.7490
8379.3000 15.0943 3.8027
8384.3000 15.0181 3.8157
8389.3000 14.9830 3.7775
8394.3000 14.9879 3.7280
8399.3000 15.0498 3.6762
8404.3000 15.0858 3.6549
8409.3000 15.1282 3.6632
8414.3000 15.1901 3.7286
8419.3000 15.1636 3.7504
8424.3000 15.1221 3.7519
8429.3000 15.0718 3.7504
8434.3000 15.0087 3.7656
8439.3000 15.0231 3.8066
8444.3000 15.0654 3.8876
8449.3000 15.0102 3.8937
8454.3000 15.0339 3.8820
8459.3000 15.0392 3.8934
8464.3000 15.1698 3.9425
8469.3000 15.2279 3.9301
8474.3000 15.2329 3.9335
8479.3000 15.3211 3.9663
8484.3000 15.3886 3.9965
8489.3000 15.4010 4.0479
8494.3000 15.3918 4.0926
8499.3000 15.4902 4.1948
8504.3000 15.5443 4.3107
8509.3000 15.5221 4.3200
8514.3000 15.5279 4.3550
8519.3000 15.5335 4.3685
8524.3000 15.4885 4.2936
8529.3000 15.4537 4.3752
8534.3000 15.4628 4.4353
8539.3000 15.4089 4.4706
8544.3000 15.3871 4.4973
8549.3000 15.4242 4.5193
8554.3000 15.4690 4.4951
8559.3000 15.5283 4.4542
8564.3000 15.5210 4.4236
8569.3000 15.4966 4.3995
8574.3000 15.5236 4.3813
8579.3000 15.4654 4.3713
8584.3000 15.4761 4.3527
8589.3000 15.5152 4.3388
8594.3000 15.4882 4.3169
8599.3000 15.4323 4.2995
8604.3000 15.4316 4.2764
8609.3000 15.4449 4.2703
8614.3000 15.4384 4.2784
8619.3000 15.4681 4.3061
8624.3000 15.4447 4.3238
8629.3000 15.4084 4.3219
8634.3000 15.3837 4.3246
8639.3000 15.4214 4.3315
8644.3000 15.4300 4.3641
8649.3000 15.5371 4.4421
8654.3000 15.5338 4.4176
8659.3000 15.5280 4.4044
8664.3000 15.5045 4.3976
8669.3000 15.5455 4.4309
8674.3000 15.5087 4.4836
8679.3000 15.4001 4.4754
8684.3000 15.3016 4.4771
8689.3000 15.1706 4.4847
8694.3000 15.0633 4.4863
8699.3000 15.0526 4.4291
8704.3000 15.0707 4.3744
8709.3000 15.0730 4.3758
8714.3000 15.0321 4.4389
8719.3000 15.0599 4.4563
8724.3000 15.0376 4.4044
8729.3000 15.0705 4.3144
8734.3000 15.1140 4.2901
8739.3000 15.1492 4.2912
8744.3000 15.2340 4.3516
8749.3000 15.3878 4.5292
8754.3000 15.4745 4.6222
8759.3000 15.5265 4.7102
8764.3000 15.4754 4.7227
8769.3000 15.4421 4.6992
8774.3000 15.4832 4.7140
8779.3000 15.5048 4.7380
8784.3000 15.5233 4.7474
8789.3000 15.5720 4.7728
8794.3000 15.6127 4.7732
8799.3000 15.6697 4.7540
8804.3000 15.6585 4.7245
8809.3000 15.6107 4.6932
8814.3000 15.5890 4.6802
8819.3000 15.6422 4.6599
8824.3000 15.6914 4.6504
8829.3000 15.7219 4.6497
8834.3000 15.7389 4.6353
8839.3000 15.7604 4.5815
8844.3000 15.7262 4.5648
8849.3000 15.6841 4.5458
8854.3000 15.7385 4.5587
8859.3000 15.7721 4.5786
8864.3000 15.8127 4.5411
8869.3000 15.7662 4.4947
8874.3000 15.6603 4.4806
8879.3000 15.6005 4.4528
8884.3000 15.5180 4.4950
8889.3000 15.3934 4.5166
8894.3000 15.3200 4.5073
8899.3000 15.2341 4.4204
8904.3000 15.2328 4.3938
8909.3000 15.2241 4.4046
8914.3000 15.2513 4.4037
8919.3000 15.3002 4.4309
8924.3000 15.2817 4.4332
8929.3000 15.2474 4.4373
8934.3000 15.3366 4.4975
8939.3000 15.3581 4.4534
8944.3000 15.3777 4.4383
8949.3000 15.4007 4.4416
8954.3000 15.4503 4.4856
8959.3000 15.4835 4.5157
8964.3000 15.5200 4.5369
8969.3000 15.5383 4.4624
8974.3000 15.5176 4.4233
8979.3000 15.4149 4.3578
8984.3000 15.3385 4.2944
8989.3000 15.3636 4.3151
8994.3000 15.4541 4.3526
8999.3000 15.5564 4.3838
9004.3000 15.6343 4.4066
9009.3000 15.6497 4.3882
9014.3000 15.6543 4.3828
9019.3000 15.6911 4.3918
9024.3000 15.7545 4.4756
9029.3000 15.8088 4.6029
9034.3000 15.8445 4.7092
9039.3000 15.8688 4.7176
9044.3000 15.8667 4.7052
9049.3000 15.8322 4.7312
9054.3000 15.8124 4.7436
9059.3000 15.7284 4.7739
9064.3000 15.7232 4.8329
9069.3000 15.6187 4.8590
9074.3000 15.5368 4.8125
9079.3000 15.5042 4.7356
9084.3000 15.4840 4.7904
9089.3000 15.3874 4.7939
9094.3000 15.4029 4.7606
9099.3000 15.4398 4.7127
9104.3000 15.4593 4.7059
9109.3000 15.4691 4.7305
9114.3000 15.4579 4.7449
9119.3000 15.4725 4.7243
9124.3000 15.5364 4.7440
9129.3000 15.5405 4.7423
9134.3000 15.5369 4.6698
9139.3000 15.5518 4.6875
9144.3000 15.5363 4.7345
9149.3000 15.5066 4.7352
9154.3000 15.4817 4.7293
9159.3000 15.5242 4.7254
9164.3000 15.5091 4.6388
9169.3000 15.4500 4.6096
9174.3000 15.3318 4.5390
9179.3000 15.2779 4.5173
9184.3000 15.1532 4.4926
9189.3000 15.0705 4.5027
9194.3000 14.9921 4.4893
9199.3000 14.9987 4.5312
9204.3000 15.0089 4.5528
9209.3000 14.9746 4.5281
9214.3000 14.9515 4.5146
9219.3000 14.9461 4.5058
9224.3000 14.9090 4.5613
9229.3000 14.8633 4.6008
9234.3000 14.8208 4.5671
9239.3000 14.8428 4.5474
9244.3000 14.8304 4.5605
9249.3000 14.8799 4.6297
9254.3000 14.9481 4.6990
9259.3000 14.9343 4.7569
9264.3000 14.8336 4.7839
9269.3000 14.8787 4.8078
9274.3000 14.8735 4.7650
9279.3000 14.8533 4.6890
9284.3000 14.8118 4.6759
9289.3000 14.7033 4.5574
9294.3000 14.6910 4.5193
9299.3000 14.7100 4.5151
9304.3000 14.6680 4.5216
9309.3000 14.6636 4.5433
9314.3000 14.6669 4.6045
9319.3000 14.6686 4.6669
9324.3000 14.6979 4.6910
9329.3000 14.6791 4.7234
9334.3000 14.7110 4.6770
9339.3000 14.7206 4.6383
9344.3000 14.7914 4.6406
9349.3000 14.7926 4.5930
9354.3000 14.7957 4.5680
9359.3000 14.8292 4.6179
9364.3000 14.8246 4.7089
9369.3000 14.8923 4.7691
9374.3000 15.0002 4.8454
9379.3000 15.1552 4.9450
9384.3000 15.1651 4.9173
9389.3000 15.1680 4.8654
9394.3000 15.2423 4.8823
9399.3000 15.3091 4.9506
9404.3000 15.2491 4.9464
9409.3000 15.2037 4.9092
9414.3000 15.1269 4.8580
9419.3000 15.0622 4.8786
9424.3000 15.0688 4.9091
9429.3000 15.1020 4.9422
9434.3000 15.0820 4.9462
9439.3000 15.0331 4.8667
9444.3000 14.9572 4.8234
9449.3000 14.8976 4.8123
9454.3000 14.8034 4.8350
9459.3000 14.8036 4.8442
9464.3000 14.7329 4.8437
9469.3000 14.6471 4.6744
9474.3000 14.5849 4.5531
9479.3000 14.5660 4.4866
9484.3000 14.5764 4.4645
9489.3000 14.5844 4.4491
9494.3000 14.6203 4.4453
9499.3000 14.6109 4.4508
9504.3000 14.7133 4.4794
9509.3000 14.7650 4.5216
9514.3000 14.7637 4.5090
9519.3000 14.8125 4.4376
9524.3000 14.8205 4.3615
9529.3000 14.8514 4.3537
9534.3000 14.8678 4.4020
9539.3000 14.8789 4.4461
9544.3000 14.9242 4.4754
9549.3000 14.9552 4.4894
9554.3000 15.0440 4.5554
9559.3000 15.1641 4.5768
9564.3000 15.1006 4.5131
9569.3000 15.0905 4.5082
9574.3000 15.0374 4.4687
9579.3000 14.9862 4.4945
9584.3000 14.9209 4.4705
9589.3000 14.9149 4.5025
9594.3000 14.9556 4.5037
9599.3000 14.9770 4.4703
9604.3000 15.0288 4.4533
9609.3000 15.0851 4.4195
9614.3000 15.0542 4.3744
9619.3000 15.1270 4.3140
9624.3000 15.2001 4.2820
9629.3000 15.1744 4.2140
9634.3000 15.1620 4.1378
9639.3000 15.1944 4.0654
9644.3000 15.2321 4.0459
9649.3000 15.2540 4.0591
9654.3000 15.2694 4.0922
9659.3000 15.2787 4.0903
9664.3000 15.3066 4.0797
9669.3000 15.3276 4.1154
9674.3000 15.3212 4.0884
9679.3000 15.2157 4.0526
9684.3000 15.2026 4.0655
9689.3000 15.2664 4.1138
9694.3000 15.3041 4.1472
9699.3000 15.2828 4.1518
9704.3000 15.2695 4.1075
9709.3000 15.2230 4.0903
9714.3000 15.1749 4.1064
9719.3000 15.1319 4.1407
9724.3000 15.0951 4.1828
9729.3000 15.0422 4.2537
9734.3000 14.9477 4.3270
9739.3000 14.8310 4.3224
9744.3000 14.7487 4.2986
9749.3000 14.7912 4.2948
9754.3000 14.9154 4.2834
9759.3000 15.0185 4.2401
9764.3000 15.1088 4.1805
9769.3000 15.1122 4.1049
9774.3000 15.1246 4.0551
9779.3000 15.0811 4.0292
9784.3000 15.0624 4.0085
9789.3000 15.1459 4.0191
9794.3000 15.1600 4.0004
9799.3000 15.1736 3.9897
9804.3000 15.1693 3.9741
9809.3000 15.0849 4.0014
9814.3000 15.1359 4.0560
9819.3000 15.1328 4.0869
9824.3000 15.2991 4.0349
9829.3000 15.4561 3.9890
9834.3000 15.4824 3.9680
9839.3000 15.5436 3.8700
9844.3000 15.6014 3.8696
9849.3000 15.6601 3.9234
9854.3000 15.7232 4.0308
9859.3000 15.8225 4.1774
9864.3000 15.8649 4.3223
9869.3000 15.8606 4.4219
9874.3000 15.8327 4.4895
9879.3000 15.7476 4.4874
9884.3000 15.6988 4.5079
9889.3000 15.6699 4.4578
9894.3000 15.5992 4.3821
9899.3000 15.5494 4.3061
9904.3000 15.5794 4.3098
9909.3000 15.5465 4.3105
9914.3000 15.5174 4.2925
9919.3000 15.5568 4.2869
9924.3000 15.5912 4.3150
9929.3000 15.6186 4.3570
9934.3000 15.6038 4.3853
9939.3000 15.6141 4.4645
9944.3000 15.5369 4.4758
9949.3000 15.5897 4.5080
9954.3000 15.5843 4.5507
9959.3000 15.6159 4.5604
9964.3000 15.6466 4.5914
9969.3000 15.6254 4.6599
9974.3000 15.5542 4.6329
9979.3000 15.5934 4.6451
9984.3000 15.5703 4.5936
9989.3000 15.5314 4.5209
9994.3000 15.5064 4.4274
9999.3000 15.4558 4.3441
10004.3000 15.3828 4.3815
10009.3000 15.3693 4.3967
10014.3000 15.3344 4.3625
10019.3000 15.3529 4.3450
10024.3000 15.3622 4.3565
10029.3000 15.4134 4.4216
10034.3000 15.4465 4.4453
10039.3000 15.4374 4.4442
10044.3000 15.4507 4.4646
10049.3000 15.5287 4.4846
10054.3000 15.5986 4.5380
10059.3000 15.6517 4.5482
10064.3000 15.7314 4.5416
10069.3000 15.7983 4.5572
10074.3000 15.8101 4.5492
10079.3000 15.8009 4.5240
10084.3000 15.8308 4.5014
10089.3000 15.8099 4.4594
10094.3000 15.7681 4.4797
10099.3000 15.7824 4.6003
10104.3000 15.8628 4.7348
10109.3000 15.8258 4.6998
10114.3000 15.7341 4.6399
10119.3000 15.6858 4.6102
10124.3000 15.6829 4.6346
10129.3000 15.7287 4.5966
10134.3000 15.7068 4.5383
10139.3000 15.7002 4.5514
10144.3000 15.6873 4.5967
10149.3000 15.7345 4.5747
10154.3000 15.7396 4.5316
10159.3000 15.7532 4.4944
10164.3000 15.8010 4.4989
10169.3000 15.7931 4.4634
10174.3000 15.7923 4.4412
10179.3000 15.8035 4.4483
10184.3000 15.8414 4.4192
10189.3000 15.8139 4.4070
10194.3000 15.8224 4.4510
10199.3000 15.8299 4.5334
10204.3000 15.8655 4.5793
10209.3000 15.8742 4.5905
10214.3000 15.7844 4.4833
10219.3000 15.7296 4.4051
10224.3000 15.7159 4.4152
10229.3000 15.7154 4.4501
10234.3000 15.7012 4.4691
10239.3000 15.6335 4.4671
10244.3000 15.5783 4.3890
10249.3000 15.5802 4.3405
10254.3000 15.5710 4.2982
10259.3000 15.5687 4.2569
10264.3000 15.5665 4.2195
10269.3000 15.5630 4.2093
10274.3000 15.6058 4.2051
10279.3000 15.6502 4.2314
10284.3000 15.6782 4.2325
10289.3000 15.6956 4.2464
10294.3000 15.6984 4.2801
10299.3000 15.6872 4.2878
10304.3000 15.6655 4.2924
10309.3000 15.6493 4.2853
10314.3000 15.6379 4.3303
10319.3000 15.6352 4.4369
10324.3000 15.5802 4.4467
10329.3000 15.6093 4.3553
10334.3000 15.6080 4.2518
10339.3000 15.5883 4.2118
10344.3000 15.5457 4.1488
10349.3000 15.5510 4.1554
10354.3000 15.5213 4.2424
10359.3000 15.4848 4.2863
10364.3000 15.4325 4.2819
10369.3000 15.5291 4.2993
10374.3000 15.6705 4.3505
10379.3000 15.7732 4.2383
10384.3000 15.8356 4.2121
10389.3000 15.7961 4.1526
10394.3000 15.7616 4.1648
10399.3000 15.7760 4.1869
10404.3000 15.7867 4.1635
10409.3000 15.8035 4.1945
10414.3000 15.8658 4.1512
10419.3000 15.9175 4.1275
10424.3000 15.9633 4.1281
10429.3000 15.9615 4.1528
10434.3000 15.9533 4.1740
10439.3000 15.9634 4.2075
10444.3000 16.0153 4.2298
10449.3000 16.0960 4.2187
10454.3000 16.1383 4.2129
10459.3000 16.1092 4.2206
10464.3000 16.0059 4.2119
10469.3000 15.9620 4.2348
10474.3000 16.0480 4.2901
10479.3000 16.1699 4.3849
10484.3000 16.2498 4.4551
10489.3000 16.3027 4.5176
10494.3000 16.3594 4.6540
10499.3000 16.3817 4.5131
10504.3000 16.3812 4.4877
10509.3000 16.3712 4.5294
10514.3000 16.3637 4.5371
10519.3000 16.3411 4.5439
10524.3000 16.3892 4.5439
10529.3000 16.4422 4.5473
10534.3000 16.3972 4.5188
10539.3000 16.4349 4.4973
10544.3000 16.5556 4.4766
10549.3000 16.6363 4.4934
10554.3000 16.6348 4.4650
10559.3000 16.5672 4.4614
10564.3000 16.5051 4.4635
