0.0 38
1.0 116
2.0 598
3.0 612
4.0 604
5.0 482
6.0 414
7.0 302
8.0 317
9.0 272
10.0 278
11.0 302
12.0 300
13.0 264
14.0 277
15.0 282
16.0 266
17.0 280
18.0 257
19.0 225
20.0 231
21.0 167
22.0 190
23.0 130
24.0 147
25.0 127
26.0 129
27.0 132
28.0 138
29.0 102
30.0 102
31.0 89
32.0 78
33.0 82
34.0 95
35.0 78
36.0 72
37.0 65
38.0 71
39.0 59
40.0 44
41.0 52
42.0 49
43.0 38
44.0 53
45.0 48
46.0 45
47.0 41
48.0 39
49.0 37
50.0 37
51.0 40
52.0 31
53.0 38
54.0 19
55.0 18
56.0 29
57.0 28
58.0 18
59.0 29
60.0 29
61.0 21
62.0 32
63.0 21
64.0 22
65.0 21
66.0 17
67.0 19
68.0 14
69.0 17
70.0 20
71.0 22
72.0 20
73.0 21
74.0 25
75.0 13
76.0 7
77.0 24
78.0 17
79.0 15
80.0 17
81.0 12
82.0 15
83.0 12
84.0 19
85.0 10
86.0 17
87.0 5
88.0 6
89.0 14
90.0 4
91.0 8
92.0 12
93.0 7
94.0 8
95.0 10
96.0 7
97.0 7
98.0 4
99.0 7
100.0 4
101.0 8
102.0 13
103.0 11
104.0 10
105.0 5
106.0 10
107.0 7
108.0 5
109.0 9
110.0 8
111.0 8
112.0 10
113.0 7
114.0 7
115.0 5
116.0 5
117.0 7
118.0 2
119.0 4
120.0 7
121.0 6
122.0 2
123.0 6
124.0 5
125.0 2
126.0 2
127.0 6
128.0 4
129.0 1
130.0 7
131.0 2
132.0 1
133.0 6
134.0 3
135.0 4
136.0 6
137.0 2
138.0 1
139.0 2
140.0 3
141.0 2
142.0 4
143.0 2
144.0 4
145.0 0
146.0 1
147.0 0
148.0 1
149.0 1
150.0 0
151.0 0
152.0 1
153.0 2
154.0 1
155.0 0
156.0 0
157.0 2
158.0 3
159.0 0
160.0 3
161.0 1
162.0 1
163.0 1
164.0 1
165.0 3
166.0 0
167.0 1
168.0 0
169.0 2
170.0 0
171.0 0
172.0 0
173.0 0
174.0 1
175.0 0
176.0 0
177.0 0
178.0 0
179.0 0
180.0 0
181.0 0
182.0 0
183.0 0
184.0 0
185.0 0
186.0 0
187.0 0
188.0 0
189.0 0
190.0 0
191.0 0
192.0 0
193.0 0
194.0 0
195.0 0
196.0 0
197.0 0
198.0 1
199.0 1
200.0 0
201.0 0
202.0 0
203.0 0
204.0 0
205.0 0
206.0 0
207.0 0
208.0 0
209.0 0
210.0 0
211.0 0
212.0 0
213.0 0
214.0 0
215.0 0
216.0 0
217.0 2
218.0 1
219.0 1
220.0 0
221.0 0
222.0 0
223.0 0
224.0 0
225.0 0
226.0 0
227.0 0
228.0 0
229.0 1
230.0 0
231.0 0
232.0 0
233.0 0
234.0 0
235.0 0
236.0 0
237.0 1
238.0 1
239.0 0
240.0 0
241.0 0
242.0 2
243.0 0
244.0 0
245.0 0
246.0 0
247.0 0
248.0 0
249.0 0
250.0 0
251.0 0
252.0 0
253.0 0
254.0 0
255.0 0
256.0 0
257.0 0
258.0 0
259.0 0
260.0 0
261.0 0
262.0 0
263.0 0
264.0 0
265.0 0
266.0 1
267.0 0
268.0 0
269.0 0
270.0 0
271.0 1
272.0 0
273.0 0
274.0 0
275.0 0
276.0 0
277.0 0
278.0 0
279.0 0
280.0 0
281.0 0
282.0 0
283.0 0
284.0 0
285.0 0
286.0 0
287.0 1
288.0 0
289.0 0
290.0 0
291.0 0
292.0 0
293.0 0
294.0 0
295.0 0
296.0 0
297.0 0
298.0 0
299.0 0
300.0 0
301.0 0
302.0 0
303.0 0
304.0 0
305.0 0
306.0 0
307.0 0
308.0 0
309.0 0
310.0 0
311.0 0
312.0 0
313.0 0
314.0 0
315.0 0
316.0 0
317.0 0
318.0 0
319.0 0
320.0 0
321.0 0
322.0 0
323.0 0
324.0 0
325.0 0
326.0 0
327.0 0
328.0 0
329.0 0
330.0 0
331.0 0
332.0 0
333.0 0
334.0 0
335.0 0
336.0 0
337.0 0
338.0 0
339.0 0
340.0 0
341.0 0
342.0 0
343.0 0
344.0 0
345.0 0
346.0 0
347.0 1
348.0 0
349.0 0
350.0 0
351.0 0
352.0 0
353.0 0
354.0 0
355.0 0
356.0 0
357.0 0
358.0 0
359.0 0
360.0 0
361.0 0
362.0 0
363.0 0
364.0 0
365.0 0
366.0 0
367.0 0
368.0 0
369.0 0
370.0 0
371.0 0
372.0 0
373.0 0
374.0 0
375.0 0
376.0 0
377.0 0
378.0 0
379.0 0
380.0 0
381.0 0
382.0 0
383.0 0
384.0 0
385.0 0
386.0 0
387.0 0
388.0 0
389.0 0
390.0 0
391.0 0
392.0 0
393.0 0
394.0 0
395.0 0
396.0 0
397.0 1
398.0 0
